7.894053355091039670e-01 9.751996994018554688e-01
9.561593023012455728e-01 9.807996749877929688e-01
9.717403176503304207e-01 9.833996891975402832e-01
9.753955262187264941e-01 9.889996647834777832e-01
9.785379157388919280e-01 9.913996458053588867e-01
9.809710859797134974e-01 9.859997034072875977e-01
9.841025639802981617e-01 9.911996722221374512e-01
9.839498091446396977e-01 9.903996586799621582e-01
9.854991820036747008e-01 9.929997324943542480e-01
9.866339327920933266e-01 9.919996857643127441e-01
9.864593559903520603e-01 9.923996925354003906e-01
9.888270587395658895e-01 9.879996776580810547e-01
9.941625739795811878e-01 9.935997724533081055e-01
9.957228582931618721e-01 9.947997331619262695e-01
9.964211669634159829e-01 9.953997135162353516e-01
9.968903434126999974e-01 9.937996864318847656e-01
9.965520998004741005e-01 9.951996803283691406e-01
9.974140745983446354e-01 9.951996803283691406e-01
9.970758316364694007e-01 9.941997528076171875e-01
9.975013640235176338e-01 9.943997263908386230e-01
9.973595197644313792e-01 9.947997927665710449e-01
9.973486084724734191e-01 9.951996803283691406e-01
9.984724490094952776e-01 9.953997731208801270e-01
9.987234042045918248e-01 9.951996803283691406e-01
9.986470264615872061e-01 9.955996870994567871e-01
9.987779594937504779e-01 9.959997534751892090e-01
9.988652481385026372e-01 9.957997202873229980e-01
9.991598471031771789e-01 9.955996870994567871e-01
9.990616474591248464e-01 9.957997202873229980e-01
9.990180030717137338e-01 9.953997135162353516e-01
9.991162029108712206e-01 9.953997135162353516e-01
9.989525367182197080e-01 9.955996274948120117e-01
9.991052919440885915e-01 9.955997467041015625e-01
9.992798689409350121e-01 9.953997135162353516e-01
9.993235132633111473e-01 9.955996870994567871e-01
9.994326238416285646e-01 9.951997399330139160e-01
9.993344242951288647e-01 9.953997135162353516e-01
9.994544462304393306e-01 9.957997202873229980e-01
9.992580471049223867e-01 9.959996938705444336e-01
9.993126021989758856e-01 9.957996606826782227e-01
9.993453355220517365e-01 9.957997202873229980e-01
9.992798691685578216e-01 9.955996274948120117e-01
9.994217129398810240e-01 9.957996606826782227e-01
9.993889798119103274e-01 9.957997202873229980e-01
9.993889797143576947e-01 9.957997202873229980e-01
9.994108019730983949e-01 9.959996938705444336e-01
9.994217130049161124e-01 9.959996938705444336e-01
9.993126021664583414e-01 9.959996938705444336e-01
9.994762683591098540e-01 9.959996938705444336e-01
9.993998909087631333e-01 9.959996938705444336e-01
9.993235133283462357e-01 9.957997202873229980e-01
9.994871795860328367e-01 9.957996606826782227e-01
9.995308236807861624e-01 9.957996606826782227e-01
9.995199126489684449e-01 9.957997202873229980e-01
9.993998908762455891e-01 9.957996606826782227e-01
9.992362245860414438e-01 9.957996606826782227e-01
9.994326239716987414e-01 9.957996606826782227e-01
9.992689578765998615e-01 9.957996606826782227e-01
9.995417350052616667e-01 9.957996606826782227e-01
9.994435351661040690e-01 9.957996606826782227e-01
9.994871795209977483e-01 9.957997202873229980e-01
9.994544461979217864e-01 9.957997202873229980e-01
9.993998908437280448e-01 9.957996606826782227e-01
9.993562465213520207e-01 9.957997202873229980e-01
9.994980905528154658e-01 9.957996606826782227e-01
9.993671577807924367e-01 9.957997202873229980e-01
9.993998908112105006e-01 9.957997202873229980e-01
9.993562467164571750e-01 9.957996606826782227e-01
9.994217130049161124e-01 9.957996606826782227e-01
9.995635568412742922e-01 9.957996606826782227e-01
9.995308237783386840e-01 9.957996606826782227e-01
9.993562464563169323e-01 9.957996606826782227e-01
9.993562463912818439e-01 9.957996606826782227e-01
9.994871792933749388e-01 9.957996606826782227e-01
9.994871794234451157e-01 9.957997202873229980e-01
9.993453355220517365e-01 9.957996606826782227e-01
9.995090015521156390e-01 9.957996606826782227e-01
9.993016911671581681e-01 9.957997202873229980e-01
9.994544462954744191e-01 9.957996606826782227e-01
9.994435351335865247e-01 9.957997202873229980e-01
9.994762682615572214e-01 9.957996606826782227e-01
9.994980903902277447e-01 9.957996606826782227e-01
9.995744681007148191e-01 9.957996606826782227e-01
9.994653572947745923e-01 9.957996606826782227e-01
9.994326242643565283e-01 9.957997202873229980e-01
9.994762682615572214e-01 9.957996606826782227e-01
9.993671574881346498e-01 9.957996606826782227e-01
9.994435351986216132e-01 9.957997202873229980e-01
9.995199127465209665e-01 9.957996606826782227e-01
9.993998908112105006e-01 9.957996606826782227e-01
9.995744680356797307e-01 9.957996606826782227e-01
0.000000000000000000e+00 0.000000000000000000e+00
0.000000000000000000e+00 0.000000000000000000e+00
0.000000000000000000e+00 0.000000000000000000e+00
0.000000000000000000e+00 0.000000000000000000e+00
0.000000000000000000e+00 0.000000000000000000e+00
0.000000000000000000e+00 0.000000000000000000e+00
0.000000000000000000e+00 0.000000000000000000e+00
0.000000000000000000e+00 0.000000000000000000e+00
0.000000000000000000e+00 0.000000000000000000e+00
