6.058620490287912608e-01 6.696396756172180442e-01
6.686206766654705369e-01 7.732432174682617454e-01
7.306896467044435850e-01 7.101801919937134056e-01
7.368965332261447898e-01 7.777477192878723411e-01
7.582758457907314842e-01 8.092792916297912864e-01
8.079310125318067692e-01 8.112612247467041460e-01
8.403448137743719792e-01 8.427928566932678667e-01
8.658620493165378740e-01 8.698198080062866655e-01
8.631034292023758159e-01 8.698198080062866655e-01
8.789654994833058232e-01 8.878378152847290483e-01
9.324138000093656897e-01 9.144145250320434570e-01
9.324137917880354065e-01 9.324324727058410645e-01
9.351724119021974646e-01 9.189189672470092773e-01
9.524138014892051807e-01 9.279279708862304688e-01
9.537931105186199243e-01 9.009009003639221191e-01
9.544827527013318713e-01 9.054054021835327148e-01
9.531034436719171277e-01 9.279280304908752441e-01
9.613793142910661560e-01 9.234234690666198730e-01
9.689655057315168518e-01 9.189189672470092773e-01
9.606896700530216382e-01 9.189189672470092773e-01
9.710344877736322156e-01 9.234234094619750977e-01
9.641379282392305017e-01 9.144144654273986816e-01
9.655172413793103869e-01 9.234234690666198730e-01
9.724137926923817066e-01 9.234235286712646484e-01
9.675862028680998206e-01 9.324325323104858398e-01
9.703448312035922729e-01 9.279279708862304688e-01
9.779310411420362170e-01 9.189189076423645020e-01
9.620689605844432446e-01 9.369369745254516602e-01
9.703448332589248437e-01 9.414414763450622559e-01
9.737930996664638794e-01 9.414414763450622559e-01
9.786206894907457654e-01 9.369369745254516602e-01
9.820689785069433020e-01 9.414415359497070312e-01
9.820689641196151953e-01 9.324325323104858398e-01
9.868965539438970813e-01 9.369369745254516602e-01
9.848275842337772534e-01 9.144144058227539062e-01
9.758620714319163891e-01 9.504504799842834473e-01
9.806896489242027393e-01 9.369369745254516602e-01
9.820689641196151953e-01 9.459460377693176270e-01
9.896551761133917102e-01 9.459459781646728516e-01
9.862068994291897095e-01 9.459459781646728516e-01
9.889655174880191968e-01 9.369369745254516602e-01
9.896551740580591394e-01 9.369370937347412109e-01
9.848275862891098242e-01 9.414414167404174805e-01
9.889655154326866260e-01 9.414415359497070312e-01
9.875862146246021656e-01 9.369369745254516602e-01
9.889655215986843384e-01 9.504505395889282227e-01
9.889655133773540552e-01 9.504505395889282227e-01
9.827586206896551380e-01 9.459459781646728516e-01
9.751724169172090173e-01 9.459460973739624023e-01
9.765517300572889026e-01 9.144144058227539062e-01
9.731034533730869018e-01 9.324324131011962891e-01
9.710344733863041089e-01 9.639639854431152344e-01
9.820689641196151953e-01 9.549549818038940430e-01
9.834482772596950806e-01 9.639641046524047852e-01
9.855172366931520544e-01 9.504505395889282227e-01
9.896551720027265686e-01 9.594595432281494141e-01
9.910344810321413123e-01 9.504504799842834473e-01
9.896551699473939978e-01 9.594594240188598633e-01
9.903448244621013696e-01 9.504505395889282227e-01
9.910344789768087415e-01 9.459459781646728516e-01
9.862068994291897095e-01 9.549549818038940430e-01
9.889655215986843384e-01 9.549549818038940430e-01
9.903448244621013696e-01 9.594595432281494141e-01
9.958620708564231983e-01 9.549549818038940430e-01
9.896551617260637146e-01 9.549551010131835938e-01
9.924137921168886267e-01 9.549549818038940430e-01
9.979310323452127429e-01 9.549549818038940430e-01
9.937931052569685120e-01 9.549549818038940430e-01
9.965517233157979993e-01 9.459459185600280762e-01
9.931034425209308569e-01 9.594595432281494141e-01
9.944827618270084546e-01 9.549549221992492676e-01
9.958620708564231983e-01 9.504504799842834473e-01
9.937930990909707996e-01 9.549551010131835938e-01
9.958620688010906274e-01 9.594594836235046387e-01
9.986206889152526855e-01 9.594594240188598633e-01
9.972413819411705127e-01 9.639639854431152344e-01
9.972413778305053711e-01 9.594595432281494141e-01
9.951724122310506848e-01 9.594595432281494141e-01
9.979310344005453137e-01 9.594594240188598633e-01
9.951724142863832556e-01 9.549549818038940430e-01
9.931034507422611401e-01 9.639639854431152344e-01
9.958620729117557691e-01 9.639639854431152344e-01
9.924137900615560559e-01 9.639639854431152344e-01
9.965517233157979993e-01 9.639639854431152344e-01
9.924137900615560559e-01 9.594595432281494141e-01
9.979310364558778845e-01 9.684684872627258301e-01
9.951724122310506848e-01 9.639641046524047852e-01
9.951724142863832556e-01 9.549549818038940430e-01
9.958620708564231983e-01 9.684685468673706055e-01
9.958620667457580566e-01 9.594594836235046387e-01
9.924137941722211975e-01 9.459459781646728516e-01
9.958620729117557691e-01 9.459459781646728516e-01
9.917241355468486841e-01 9.504504203796386719e-01
9.882758588626466834e-01 9.459459781646728516e-01
9.937931052569685120e-01 9.639639854431152344e-01
9.944827618270084546e-01 9.594594836235046387e-01
9.951724142863832556e-01 9.639639854431152344e-01
9.993103434299600574e-01 9.594595432281494141e-01
9.937930990909707996e-01 9.594595432281494141e-01
9.951724060650529724e-01 9.594594836235046387e-01
9.972413757751728003e-01 9.549551010131835938e-01
9.931034445762634277e-01 9.594594240188598633e-01
9.965517253711305701e-01 9.504505395889282227e-01
9.993103454852926282e-01 9.549549818038940430e-01
9.979310344005453137e-01 9.549551010131835938e-01
9.965517274264631409e-01 9.594595432281494141e-01
9.972413757751728003e-01 9.639639854431152344e-01
9.951724081203855432e-01 9.549549818038940430e-01
9.965517192051328577e-01 9.549549818038940430e-01
9.958620708564231983e-01 9.504505395889282227e-01
9.986206889152526855e-01 9.549551010131835938e-01
9.986206889152526855e-01 9.594595432281494141e-01
9.972413798858379419e-01 9.594595432281494141e-01
9.986206909705852564e-01 9.594594240188598633e-01
9.972413798858379419e-01 9.594594240188598633e-01
9.979310323452127429e-01 9.594595432281494141e-01
9.958620667457580566e-01 9.594595432281494141e-01
9.951724081203855432e-01 9.594595432281494141e-01
9.965517212604654285e-01 9.594595432281494141e-01
9.972413819411705127e-01 9.549551010131835938e-01
9.958620646904254858e-01 9.549551010131835938e-01
9.972413778305053711e-01 9.594595432281494141e-01
9.944827597716758838e-01 9.639639854431152344e-01
9.986206909705852564e-01 9.549550414085388184e-01
9.965517233157979993e-01 9.549551010131835938e-01
9.937930970356382288e-01 9.549549818038940430e-01
9.979310344005453137e-01 9.549551010131835938e-01
9.979310344005453137e-01 9.549549818038940430e-01
9.979310323452127429e-01 9.549549818038940430e-01
9.958620688010906274e-01 9.549549818038940430e-01
9.986206868599201147e-01 9.594594240188598633e-01
9.979310364558778845e-01 9.594594240188598633e-01
9.965517212604654285e-01 9.594595432281494141e-01
9.951724183970483972e-01 9.549550414085388184e-01
9.951724142863832556e-01 9.549549818038940430e-01
9.972413798858379419e-01 9.549549818038940430e-01
9.993103454852926282e-01 9.549549818038940430e-01
9.979310323452127429e-01 9.549549818038940430e-01
9.958620688010906274e-01 9.549549818038940430e-01
9.951724101757181140e-01 9.549549818038940430e-01
9.986206868599201147e-01 9.549550414085388184e-01
9.965517233157979993e-01 9.639639854431152344e-01
9.986206889152526855e-01 9.549549818038940430e-01
9.993103454852926282e-01 9.549551010131835938e-01
9.986206909705852564e-01 9.549549818038940430e-01
1.000000000000000000e+00 9.639641046524047852e-01
9.986206909705852564e-01 9.594594836235046387e-01
9.972413798858379419e-01 9.594595432281494141e-01
9.979310323452127429e-01 9.594594836235046387e-01
9.972413819411705127e-01 9.594595432281494141e-01
9.993103434299600574e-01 9.594594836235046387e-01
9.972413819411705127e-01 9.639640450477600098e-01
9.986206889152526855e-01 9.639639854431152344e-01
9.986206909705852564e-01 9.684685468673706055e-01
9.965517253711305701e-01 9.639639854431152344e-01
9.972413798858379419e-01 9.594595432281494141e-01
9.986206868599201147e-01 9.594595432281494141e-01
9.972413798858379419e-01 9.549549818038940430e-01
1.000000000000000000e+00 9.549549818038940430e-01
9.986206909705852564e-01 9.549549818038940430e-01
9.986206889152526855e-01 9.549551010131835938e-01
9.986206868599201147e-01 9.549549818038940430e-01
9.965517253711305701e-01 9.549551010131835938e-01
9.979310323452127429e-01 9.594594836235046387e-01
1.000000000000000000e+00 9.594595432281494141e-01
9.979310344005453137e-01 9.594595432281494141e-01
9.965517212604654285e-01 9.594594836235046387e-01
9.979310364558778845e-01 9.549549818038940430e-01
9.993103434299600574e-01 9.549549818038940430e-01
9.965517274264631409e-01 9.594595432281494141e-01
9.993103454852926282e-01 9.594595432281494141e-01
9.951724122310506848e-01 9.594595432281494141e-01
9.979310344005453137e-01 9.594594240188598633e-01
9.993103454852926282e-01 9.549551010131835938e-01
9.993103454852926282e-01 9.594595432281494141e-01
9.986206909705852564e-01 9.549549818038940430e-01
9.993103454852926282e-01 9.549549818038940430e-01
1.000000000000000000e+00 9.549549221992492676e-01
9.972413798858379419e-01 9.549549818038940430e-01
9.979310323452127429e-01 9.594594240188598633e-01
9.972413798858379419e-01 9.594594836235046387e-01
9.993103454852926282e-01 9.594595432281494141e-01
9.993103454852926282e-01 9.594594240188598633e-01
9.958620646904254858e-01 9.594595432281494141e-01
9.986206909705852564e-01 9.594594240188598633e-01
9.986206889152526855e-01 9.594595432281494141e-01
9.993103454852926282e-01 9.594594836235046387e-01
9.993103454852926282e-01 9.594595432281494141e-01
9.993103454852926282e-01 9.594595432281494141e-01
9.993103434299600574e-01 9.594595432281494141e-01
9.986206909705852564e-01 9.594595432281494141e-01
9.993103454852926282e-01 9.594595432281494141e-01
9.993103434299600574e-01 9.594595432281494141e-01
9.972413778305053711e-01 9.594595432281494141e-01
9.986206889152526855e-01 9.594594240188598633e-01
9.986206909705852564e-01 9.594595432281494141e-01
9.979310344005453137e-01 9.594595432281494141e-01
9.986206909705852564e-01 9.594595432281494141e-01
9.986206889152526855e-01 9.594595432281494141e-01
9.993103454852926282e-01 9.594595432281494141e-01
9.972413819411705127e-01 9.594595432281494141e-01
9.979310323452127429e-01 9.594594836235046387e-01
9.986206889152526855e-01 9.594595432281494141e-01
9.986206909705852564e-01 9.594595432281494141e-01
9.986206909705852564e-01 9.594595432281494141e-01
9.993103454852926282e-01 9.594594836235046387e-01
9.993103454852926282e-01 9.594595432281494141e-01
9.972413819411705127e-01 9.594594836235046387e-01
1.000000000000000000e+00 9.594594240188598633e-01
9.993103454852926282e-01 9.594594240188598633e-01
9.993103454852926282e-01 9.594594240188598633e-01
9.986206909705852564e-01 9.594595432281494141e-01
9.986206909705852564e-01 9.594595432281494141e-01
9.986206889152526855e-01 9.594595432281494141e-01
9.965517253711305701e-01 9.594594836235046387e-01
9.993103454852926282e-01 9.594595432281494141e-01
9.986206909705852564e-01 9.639641046524047852e-01
9.986206909705852564e-01 9.639639854431152344e-01
9.972413819411705127e-01 9.639639854431152344e-01
9.965517274264631409e-01 9.639639854431152344e-01
9.986206889152526855e-01 9.639639854431152344e-01
1.000000000000000000e+00 9.639639854431152344e-01
9.986206889152526855e-01 9.639639854431152344e-01
9.993103454852926282e-01 9.639639854431152344e-01
9.986206889152526855e-01 9.639639854431152344e-01
9.986206889152526855e-01 9.639640450477600098e-01
9.972413757751728003e-01 9.639639854431152344e-01
9.972413757751728003e-01 9.639641046524047852e-01
1.000000000000000000e+00 9.639640450477600098e-01
9.986206909705852564e-01 9.594594240188598633e-01
9.972413798858379419e-01 9.594594240188598633e-01
1.000000000000000000e+00 9.594595432281494141e-01
9.979310364558778845e-01 9.639640450477600098e-01
9.986206868599201147e-01 9.594595432281494141e-01
9.986206889152526855e-01 9.594594240188598633e-01
1.000000000000000000e+00 9.639639854431152344e-01
9.979310344005453137e-01 9.639639854431152344e-01
9.993103434299600574e-01 9.639640450477600098e-01
9.965517274264631409e-01 9.639639854431152344e-01
9.993103454852926282e-01 9.684685468673706055e-01
9.986206868599201147e-01 9.684685468673706055e-01
9.986206889152526855e-01 9.684685468673706055e-01
9.979310344005453137e-01 9.684684276580810547e-01
9.979310323452127429e-01 9.684684276580810547e-01
9.993103454852926282e-01 9.684685468673706055e-01
9.979310344005453137e-01 9.684685468673706055e-01
1.000000000000000000e+00 9.684684276580810547e-01
9.993103434299600574e-01 9.684685468673706055e-01
9.986206868599201147e-01 9.684685468673706055e-01
9.986206909705852564e-01 9.684685468673706055e-01
9.986206889152526855e-01 9.684685468673706055e-01
9.993103454852926282e-01 9.684685468673706055e-01
9.965517233157979993e-01 9.684685468673706055e-01
9.993103434299600574e-01 9.684685468673706055e-01
9.993103454852926282e-01 9.684684276580810547e-01
9.979310364558778845e-01 9.684685468673706055e-01
9.993103454852926282e-01 9.684685468673706055e-01
9.993103434299600574e-01 9.684684872627258301e-01
9.979310364558778845e-01 9.684685468673706055e-01
9.986206909705852564e-01 9.684685468673706055e-01
9.986206909705852564e-01 9.684685468673706055e-01
9.993103434299600574e-01 9.684684872627258301e-01
9.993103454852926282e-01 9.684684276580810547e-01
9.965517192051328577e-01 9.639639854431152344e-01
9.993103454852926282e-01 9.639639854431152344e-01
9.986206868599201147e-01 9.639639854431152344e-01
1.000000000000000000e+00 9.639641046524047852e-01
9.986206889152526855e-01 9.639640450477600098e-01
9.986206909705852564e-01 9.639640450477600098e-01
9.986206889152526855e-01 9.639639854431152344e-01
9.979310364558778845e-01 9.639639854431152344e-01
9.972413778305053711e-01 9.639639854431152344e-01
9.993103454852926282e-01 9.639641046524047852e-01
9.986206889152526855e-01 9.639639854431152344e-01
9.979310344005453137e-01 9.639641046524047852e-01
9.993103434299600574e-01 9.639639854431152344e-01
1.000000000000000000e+00 9.639640450477600098e-01
9.986206889152526855e-01 9.639639854431152344e-01
9.986206909705852564e-01 9.639639854431152344e-01
9.993103454852926282e-01 9.639639854431152344e-01
9.993103454852926282e-01 9.639639854431152344e-01
9.993103434299600574e-01 9.639641046524047852e-01
1.000000000000000000e+00 9.639639854431152344e-01
9.986206889152526855e-01 9.639639854431152344e-01
9.993103454852926282e-01 9.639641046524047852e-01
9.993103434299600574e-01 9.639639854431152344e-01
9.979310323452127429e-01 9.639639854431152344e-01
9.986206909705852564e-01 9.639639854431152344e-01
9.986206868599201147e-01 9.639639854431152344e-01
9.986206909705852564e-01 9.639639854431152344e-01
9.986206909705852564e-01 9.639640450477600098e-01
9.986206909705852564e-01 9.639639854431152344e-01
1.000000000000000000e+00 9.639639854431152344e-01
9.979310302898801721e-01 9.639639854431152344e-01
9.986206909705852564e-01 9.639639854431152344e-01
1.000000000000000000e+00 9.639641046524047852e-01
9.993103434299600574e-01 9.639639854431152344e-01
9.979310323452127429e-01 9.639639854431152344e-01
1.000000000000000000e+00 9.639639854431152344e-01
1.000000000000000000e+00 9.639639854431152344e-01
9.979310344005453137e-01 9.639639854431152344e-01
9.965517233157979993e-01 9.639639854431152344e-01
9.993103454852926282e-01 9.639639854431152344e-01
9.993103454852926282e-01 9.639639854431152344e-01
9.979310323452127429e-01 9.639641046524047852e-01
9.993103434299600574e-01 9.639641046524047852e-01
9.993103454852926282e-01 9.639639854431152344e-01
9.979310364558778845e-01 9.639639854431152344e-01
9.986206889152526855e-01 9.639640450477600098e-01
9.993103434299600574e-01 9.639639854431152344e-01
1.000000000000000000e+00 9.639639854431152344e-01
1.000000000000000000e+00 9.639639854431152344e-01
9.993103454852926282e-01 9.639639854431152344e-01
9.986206868599201147e-01 9.639639854431152344e-01
9.993103454852926282e-01 9.639640450477600098e-01
9.986206889152526855e-01 9.639639854431152344e-01
9.993103454852926282e-01 9.639639854431152344e-01
9.993103454852926282e-01 9.639639258384704590e-01
9.986206909705852564e-01 9.639639854431152344e-01
9.993103454852926282e-01 9.639639854431152344e-01
9.979310364558778845e-01 9.639639854431152344e-01
9.993103454852926282e-01 9.639641046524047852e-01
9.993103454852926282e-01 9.639639854431152344e-01
9.986206909705852564e-01 9.639639854431152344e-01
9.993103454852926282e-01 9.639641046524047852e-01
9.972413778305053711e-01 9.639641046524047852e-01
9.986206889152526855e-01 9.639641046524047852e-01
9.993103454852926282e-01 9.639639854431152344e-01
9.986206889152526855e-01 9.639639854431152344e-01
9.979310364558778845e-01 9.639641046524047852e-01
1.000000000000000000e+00 9.639639854431152344e-01
9.993103454852926282e-01 9.639641046524047852e-01
9.993103434299600574e-01 9.639639854431152344e-01
9.993103434299600574e-01 9.639639854431152344e-01
9.986206889152526855e-01 9.639641046524047852e-01
9.986206909705852564e-01 9.639639854431152344e-01
9.965517274264631409e-01 9.639641046524047852e-01
9.993103454852926282e-01 9.639639854431152344e-01
9.965517253711305701e-01 9.639641046524047852e-01
1.000000000000000000e+00 9.639639854431152344e-01
1.000000000000000000e+00 9.639641046524047852e-01
9.979310302898801721e-01 9.639639854431152344e-01
1.000000000000000000e+00 9.639639854431152344e-01
1.000000000000000000e+00 9.639639854431152344e-01
9.972413819411705127e-01 9.684684872627258301e-01
9.979310364558778845e-01 9.684685468673706055e-01
9.993103454852926282e-01 9.639640450477600098e-01
9.979310344005453137e-01 9.639639854431152344e-01
9.986206889152526855e-01 9.639639854431152344e-01
1.000000000000000000e+00 9.639641046524047852e-01
9.986206909705852564e-01 9.639639854431152344e-01
9.986206889152526855e-01 9.639641046524047852e-01
9.993103454852926282e-01 9.639639258384704590e-01
9.986206868599201147e-01 9.639640450477600098e-01
9.986206889152526855e-01 9.639641046524047852e-01
9.993103434299600574e-01 9.639639854431152344e-01
9.979310323452127429e-01 9.639639854431152344e-01
9.979310364558778845e-01 9.639641046524047852e-01
9.993103434299600574e-01 9.639639854431152344e-01
9.979310323452127429e-01 9.639641046524047852e-01
9.993103454852926282e-01 9.639639854431152344e-01
9.986206868599201147e-01 9.639639854431152344e-01
9.979310323452127429e-01 9.639639854431152344e-01
9.993103454852926282e-01 9.639639854431152344e-01
1.000000000000000000e+00 9.639639854431152344e-01
9.986206868599201147e-01 9.639640450477600098e-01
9.986206889152526855e-01 9.639641046524047852e-01
9.986206909705852564e-01 9.639639258384704590e-01
9.979310344005453137e-01 9.639639854431152344e-01
9.979310323452127429e-01 9.639639854431152344e-01
9.993103454852926282e-01 9.639641046524047852e-01
9.993103434299600574e-01 9.639639258384704590e-01
9.986206868599201147e-01 9.639639854431152344e-01
9.986206909705852564e-01 9.639639854431152344e-01
9.986206868599201147e-01 9.639641046524047852e-01
9.986206909705852564e-01 9.639639854431152344e-01
9.979310323452127429e-01 9.639639854431152344e-01
9.993103454852926282e-01 9.639639854431152344e-01
9.993103454852926282e-01 9.639639854431152344e-01
9.979310344005453137e-01 9.639639854431152344e-01
9.993103454852926282e-01 9.639641046524047852e-01
1.000000000000000000e+00 9.639639854431152344e-01
9.979310344005453137e-01 9.639640450477600098e-01
9.986206868599201147e-01 9.639639854431152344e-01
9.972413798858379419e-01 9.639639258384704590e-01
1.000000000000000000e+00 9.639639854431152344e-01
9.972413778305053711e-01 9.639639258384704590e-01
9.986206909705852564e-01 9.639639854431152344e-01
9.986206909705852564e-01 9.639639854431152344e-01
9.986206889152526855e-01 9.639641046524047852e-01
9.993103434299600574e-01 9.639641046524047852e-01
9.993103454852926282e-01 9.639639854431152344e-01
9.986206889152526855e-01 9.639641046524047852e-01
9.993103454852926282e-01 9.639641046524047852e-01
9.986206909705852564e-01 9.639639854431152344e-01
9.986206909705852564e-01 9.639639854431152344e-01
9.993103454852926282e-01 9.639639854431152344e-01
9.986206889152526855e-01 9.639639854431152344e-01
9.986206889152526855e-01 9.639639854431152344e-01
9.993103454852926282e-01 9.639639854431152344e-01
9.979310344005453137e-01 9.639641046524047852e-01
9.993103454852926282e-01 9.639641046524047852e-01
9.986206909705852564e-01 9.639639854431152344e-01
9.993103434299600574e-01 9.639639854431152344e-01
9.979310323452127429e-01 9.639639854431152344e-01
9.993103454852926282e-01 9.639641046524047852e-01
1.000000000000000000e+00 9.639639854431152344e-01
9.986206889152526855e-01 9.639640450477600098e-01
1.000000000000000000e+00 9.639639854431152344e-01
9.965517233157979993e-01 9.639639854431152344e-01
9.986206889152526855e-01 9.639639854431152344e-01
9.993103434299600574e-01 9.639639854431152344e-01
1.000000000000000000e+00 9.639639854431152344e-01
9.993103434299600574e-01 9.639639854431152344e-01
1.000000000000000000e+00 9.639641046524047852e-01
9.979310364558778845e-01 9.639640450477600098e-01
9.986206909705852564e-01 9.639641046524047852e-01
9.986206909705852564e-01 9.639639854431152344e-01
1.000000000000000000e+00 9.639641046524047852e-01
9.986206889152526855e-01 9.639639854431152344e-01
9.965517253711305701e-01 9.639639854431152344e-01
9.993103454852926282e-01 9.639639854431152344e-01
9.986206868599201147e-01 9.639639854431152344e-01
9.979310344005453137e-01 9.639639854431152344e-01
9.986206909705852564e-01 9.639641046524047852e-01
1.000000000000000000e+00 9.639639854431152344e-01
9.986206909705852564e-01 9.639639854431152344e-01
9.986206909705852564e-01 9.639639854431152344e-01
9.993103434299600574e-01 9.639639854431152344e-01
9.986206909705852564e-01 9.639639854431152344e-01
9.986206909705852564e-01 9.639639854431152344e-01
9.979310364558778845e-01 9.639639854431152344e-01
9.993103454852926282e-01 9.639639854431152344e-01
9.972413778305053711e-01 9.639639854431152344e-01
9.993103454852926282e-01 9.639639854431152344e-01
9.986206889152526855e-01 9.639639854431152344e-01
1.000000000000000000e+00 9.639639258384704590e-01
9.993103454852926282e-01 9.639639854431152344e-01
9.979310364558778845e-01 9.639639854431152344e-01
9.993103454852926282e-01 9.639639258384704590e-01
9.972413819411705127e-01 9.639641046524047852e-01
1.000000000000000000e+00 9.639640450477600098e-01
9.993103454852926282e-01 9.639639854431152344e-01
9.993103454852926282e-01 9.639639854431152344e-01
9.986206889152526855e-01 9.639639854431152344e-01
9.986206909705852564e-01 9.639639854431152344e-01
9.993103454852926282e-01 9.639639258384704590e-01
9.993103434299600574e-01 9.639639258384704590e-01
9.986206889152526855e-01 9.639639854431152344e-01
9.972413798858379419e-01 9.639640450477600098e-01
9.972413778305053711e-01 9.639639854431152344e-01
9.993103434299600574e-01 9.639640450477600098e-01
9.979310344005453137e-01 9.639639854431152344e-01
9.993103434299600574e-01 9.639641046524047852e-01
9.986206868599201147e-01 9.639641046524047852e-01
9.993103454852926282e-01 9.639639854431152344e-01
9.993103454852926282e-01 9.639639854431152344e-01
9.979310323452127429e-01 9.639639854431152344e-01
9.986206868599201147e-01 9.639639854431152344e-01
9.993103434299600574e-01 9.639641046524047852e-01
9.993103454852926282e-01 9.639639258384704590e-01
9.993103454852926282e-01 9.639639854431152344e-01
1.000000000000000000e+00 9.639639854431152344e-01
9.986206889152526855e-01 9.639641046524047852e-01
1.000000000000000000e+00 9.639639854431152344e-01
9.986206889152526855e-01 9.639639854431152344e-01
9.993103454852926282e-01 9.639641046524047852e-01
9.979310302898801721e-01 9.639639854431152344e-01
9.993103454852926282e-01 9.639640450477600098e-01
9.986206889152526855e-01 9.639639854431152344e-01
9.979310344005453137e-01 9.639639854431152344e-01
9.993103434299600574e-01 9.639639854431152344e-01
9.993103454852926282e-01 9.639639854431152344e-01
9.986206889152526855e-01 9.639641046524047852e-01
9.993103454852926282e-01 9.639639854431152344e-01
1.000000000000000000e+00 9.639639854431152344e-01
9.986206868599201147e-01 9.639641046524047852e-01
9.993103454852926282e-01 9.639639854431152344e-01
9.993103454852926282e-01 9.639640450477600098e-01
9.979310323452127429e-01 9.639641046524047852e-01
9.986206909705852564e-01 9.639639854431152344e-01
9.986206909705852564e-01 9.639641046524047852e-01
9.986206909705852564e-01 9.639639854431152344e-01
9.986206909705852564e-01 9.639641046524047852e-01
9.986206909705852564e-01 9.639639854431152344e-01
9.972413737198402295e-01 9.639639854431152344e-01
9.979310323452127429e-01 9.639639854431152344e-01
9.993103434299600574e-01 9.639639854431152344e-01
9.993103434299600574e-01 9.639639854431152344e-01
1.000000000000000000e+00 9.639639854431152344e-01
9.986206889152526855e-01 9.639639854431152344e-01
9.993103454852926282e-01 9.639639854431152344e-01
9.979310344005453137e-01 9.639639854431152344e-01
9.986206889152526855e-01 9.639639854431152344e-01
9.993103454852926282e-01 9.639641046524047852e-01
9.979310323452127429e-01 9.639641046524047852e-01
9.986206889152526855e-01 9.639640450477600098e-01
9.979310364558778845e-01 9.639639854431152344e-01
1.000000000000000000e+00 9.639639854431152344e-01
9.986206889152526855e-01 9.639641046524047852e-01
9.993103434299600574e-01 9.639639854431152344e-01
9.993103454852926282e-01 9.639639854431152344e-01
1.000000000000000000e+00 9.639639854431152344e-01
9.986206868599201147e-01 9.639639854431152344e-01
9.993103454852926282e-01 9.639639854431152344e-01
9.986206909705852564e-01 9.639639854431152344e-01
9.993103454852926282e-01 9.639639854431152344e-01
9.986206868599201147e-01 9.639640450477600098e-01
9.986206909705852564e-01 9.639641046524047852e-01
9.979310344005453137e-01 9.639639854431152344e-01
9.986206889152526855e-01 9.639639854431152344e-01
9.986206889152526855e-01 9.639641046524047852e-01
9.979310323452127429e-01 9.639639854431152344e-01
9.972413757751728003e-01 9.639639854431152344e-01
9.993103454852926282e-01 9.639639854431152344e-01
9.993103454852926282e-01 9.639639854431152344e-01
9.993103454852926282e-01 9.639641046524047852e-01
9.986206868599201147e-01 9.639641046524047852e-01
9.993103454852926282e-01 9.639639854431152344e-01
9.993103434299600574e-01 9.639639854431152344e-01
9.986206889152526855e-01 9.639639854431152344e-01
9.993103454852926282e-01 9.639639854431152344e-01
1.000000000000000000e+00 9.639639854431152344e-01
9.986206889152526855e-01 9.639639854431152344e-01
9.993103454852926282e-01 9.639639258384704590e-01
9.993103454852926282e-01 9.639640450477600098e-01
9.993103434299600574e-01 9.639639854431152344e-01
9.986206889152526855e-01 9.639639854431152344e-01
9.993103454852926282e-01 9.639641046524047852e-01
1.000000000000000000e+00 9.639639854431152344e-01
9.993103434299600574e-01 9.639639854431152344e-01
9.993103454852926282e-01 9.639639854431152344e-01
9.986206889152526855e-01 9.639639854431152344e-01
9.972413819411705127e-01 9.639639854431152344e-01
9.979310364558778845e-01 9.639639854431152344e-01
9.993103454852926282e-01 9.639639854431152344e-01
9.993103434299600574e-01 9.639639854431152344e-01
9.979310323452127429e-01 9.639641046524047852e-01
9.993103434299600574e-01 9.639641046524047852e-01
9.993103454852926282e-01 9.639639854431152344e-01
9.979310364558778845e-01 9.639640450477600098e-01
1.000000000000000000e+00 9.639639854431152344e-01
9.979310344005453137e-01 9.639639258384704590e-01
9.979310344005453137e-01 9.639639854431152344e-01
9.979310323452127429e-01 9.639639258384704590e-01
9.993103454852926282e-01 9.639641046524047852e-01
1.000000000000000000e+00 9.639639854431152344e-01
9.979310344005453137e-01 9.639639854431152344e-01
9.993103434299600574e-01 9.639639854431152344e-01
9.993103454852926282e-01 9.639639854431152344e-01
9.986206909705852564e-01 9.639641046524047852e-01
9.993103454852926282e-01 9.639639258384704590e-01
1.000000000000000000e+00 9.639639854431152344e-01
9.986206909705852564e-01 9.639639854431152344e-01
9.972413757751728003e-01 9.639639854431152344e-01
9.986206889152526855e-01 9.639641046524047852e-01
9.986206909705852564e-01 9.639639854431152344e-01
9.986206889152526855e-01 9.639639854431152344e-01
9.986206909705852564e-01 9.639639258384704590e-01
9.986206909705852564e-01 9.639639854431152344e-01
9.993103434299600574e-01 9.639639854431152344e-01
9.993103454852926282e-01 9.639639854431152344e-01
9.986206889152526855e-01 9.639641046524047852e-01
9.986206868599201147e-01 9.639641046524047852e-01
9.979310323452127429e-01 9.639641046524047852e-01
9.993103434299600574e-01 9.639641046524047852e-01
9.986206909705852564e-01 9.639639854431152344e-01
9.986206889152526855e-01 9.639639854431152344e-01
9.993103454852926282e-01 9.639639854431152344e-01
9.986206889152526855e-01 9.639641046524047852e-01
9.979310323452127429e-01 9.639639854431152344e-01
1.000000000000000000e+00 9.639639854431152344e-01
9.993103454852926282e-01 9.639639258384704590e-01
9.993103434299600574e-01 9.639640450477600098e-01
9.986206909705852564e-01 9.639640450477600098e-01
9.986206909705852564e-01 9.639639854431152344e-01
9.986206909705852564e-01 9.639641046524047852e-01
9.993103454852926282e-01 9.639639854431152344e-01
9.979310323452127429e-01 9.639639258384704590e-01
9.993103454852926282e-01 9.639641046524047852e-01
9.993103454852926282e-01 9.639639854431152344e-01
1.000000000000000000e+00 9.639639854431152344e-01
9.979310302898801721e-01 9.639641046524047852e-01
9.986206909705852564e-01 9.639639854431152344e-01
1.000000000000000000e+00 9.639639854431152344e-01
1.000000000000000000e+00 9.639639854431152344e-01
9.965517212604654285e-01 9.639639854431152344e-01
9.986206889152526855e-01 9.639639854431152344e-01
9.993103434299600574e-01 9.639639854431152344e-01
9.979310364558778845e-01 9.639639854431152344e-01
9.979310323452127429e-01 9.639640450477600098e-01
9.993103454852926282e-01 9.639639258384704590e-01
9.986206909705852564e-01 9.639641046524047852e-01
9.993103434299600574e-01 9.639641046524047852e-01
9.993103434299600574e-01 9.639639854431152344e-01
9.993103434299600574e-01 9.639639854431152344e-01
9.993103434299600574e-01 9.639639854431152344e-01
1.000000000000000000e+00 9.639639854431152344e-01
9.986206909705852564e-01 9.639639854431152344e-01
9.993103454852926282e-01 9.639641046524047852e-01
9.986206909705852564e-01 9.639639854431152344e-01
9.979310323452127429e-01 9.639639854431152344e-01
9.979310344005453137e-01 9.639639854431152344e-01
9.979310323452127429e-01 9.639639854431152344e-01
9.993103454852926282e-01 9.639641046524047852e-01
9.979310323452127429e-01 9.639639854431152344e-01
9.993103434299600574e-01 9.639639854431152344e-01
1.000000000000000000e+00 9.639639854431152344e-01
9.972413778305053711e-01 9.639639854431152344e-01
9.986206909705852564e-01 9.639641046524047852e-01
9.979310323452127429e-01 9.639641046524047852e-01
9.986206909705852564e-01 9.639639854431152344e-01
9.986206909705852564e-01 9.639639258384704590e-01
9.986206909705852564e-01 9.639639854431152344e-01
9.986206909705852564e-01 9.639639854431152344e-01
1.000000000000000000e+00 9.639639854431152344e-01
9.979310302898801721e-01 9.639639854431152344e-01
9.965517233157979993e-01 9.639641046524047852e-01
9.986206889152526855e-01 9.639639258384704590e-01
9.986206889152526855e-01 9.639641046524047852e-01
9.993103454852926282e-01 9.639639854431152344e-01
1.000000000000000000e+00 9.639639854431152344e-01
9.986206889152526855e-01 9.639639854431152344e-01
1.000000000000000000e+00 9.639639854431152344e-01
9.993103454852926282e-01 9.639641046524047852e-01
9.979310344005453137e-01 9.639639854431152344e-01
9.986206889152526855e-01 9.639639854431152344e-01
1.000000000000000000e+00 9.639639854431152344e-01
9.979310344005453137e-01 9.639641046524047852e-01
9.979310323452127429e-01 9.639639854431152344e-01
1.000000000000000000e+00 9.639641046524047852e-01
9.972413757751728003e-01 9.639639258384704590e-01
9.993103454852926282e-01 9.639640450477600098e-01
9.986206889152526855e-01 9.639639258384704590e-01
1.000000000000000000e+00 9.639639854431152344e-01
9.986206909705852564e-01 9.639639258384704590e-01
9.986206889152526855e-01 9.639639854431152344e-01
9.993103454852926282e-01 9.639639854431152344e-01
9.986206889152526855e-01 9.639639854431152344e-01
9.986206868599201147e-01 9.639639854431152344e-01
1.000000000000000000e+00 9.639641046524047852e-01
9.993103434299600574e-01 9.639641046524047852e-01
1.000000000000000000e+00 9.639641046524047852e-01
9.986206889152526855e-01 9.639639854431152344e-01
9.993103434299600574e-01 9.639639854431152344e-01
1.000000000000000000e+00 9.639639854431152344e-01
9.979310344005453137e-01 9.639641046524047852e-01
1.000000000000000000e+00 9.639639854431152344e-01
9.986206909705852564e-01 9.639641046524047852e-01
9.986206909705852564e-01 9.639639854431152344e-01
9.986206868599201147e-01 9.639641046524047852e-01
9.986206868599201147e-01 9.639639854431152344e-01
9.986206909705852564e-01 9.639639258384704590e-01
9.986206889152526855e-01 9.639639854431152344e-01
9.979310323452127429e-01 9.639640450477600098e-01
9.993103434299600574e-01 9.639641046524047852e-01
9.993103454852926282e-01 9.639639854431152344e-01
9.993103454852926282e-01 9.639639854431152344e-01
9.986206909705852564e-01 9.639641046524047852e-01
9.979310364558778845e-01 9.639639854431152344e-01
9.993103454852926282e-01 9.639639258384704590e-01
9.993103434299600574e-01 9.639640450477600098e-01
9.993103434299600574e-01 9.639640450477600098e-01
9.986206909705852564e-01 9.639639854431152344e-01
9.993103434299600574e-01 9.639641046524047852e-01
9.965517233157979993e-01 9.639639258384704590e-01
9.979310323452127429e-01 9.639641046524047852e-01
1.000000000000000000e+00 9.639641046524047852e-01
9.993103434299600574e-01 9.639639854431152344e-01
9.958620688010906274e-01 9.639639854431152344e-01
9.965517212604654285e-01 9.639641046524047852e-01
9.986206889152526855e-01 9.639641046524047852e-01
9.979310344005453137e-01 9.639639854431152344e-01
1.000000000000000000e+00 9.639639854431152344e-01
9.993103454852926282e-01 9.639639854431152344e-01
1.000000000000000000e+00 9.639639258384704590e-01
9.979310364558778845e-01 9.639639854431152344e-01
9.993103454852926282e-01 9.639639854431152344e-01
9.986206909705852564e-01 9.639639854431152344e-01
9.993103454852926282e-01 9.639641046524047852e-01
9.986206909705852564e-01 9.639641046524047852e-01
9.993103434299600574e-01 9.639639854431152344e-01
9.979310364558778845e-01 9.639641046524047852e-01
9.972413778305053711e-01 9.639641046524047852e-01
9.986206909705852564e-01 9.639639854431152344e-01
9.986206868599201147e-01 9.639641046524047852e-01
9.986206868599201147e-01 9.639639854431152344e-01
9.993103454852926282e-01 9.639639854431152344e-01
9.993103434299600574e-01 9.639639854431152344e-01
9.986206909705852564e-01 9.639639854431152344e-01
9.986206868599201147e-01 9.639639854431152344e-01
9.993103454852926282e-01 9.639639854431152344e-01
9.993103454852926282e-01 9.639639854431152344e-01
9.986206889152526855e-01 9.639639854431152344e-01
9.965517233157979993e-01 9.639639854431152344e-01
9.972413778305053711e-01 9.639639854431152344e-01
9.986206909705852564e-01 9.639641046524047852e-01
9.986206889152526855e-01 9.639639854431152344e-01
9.993103454852926282e-01 9.639639854431152344e-01
9.993103454852926282e-01 9.639639854431152344e-01
9.993103434299600574e-01 9.639641046524047852e-01
9.986206889152526855e-01 9.639639854431152344e-01
1.000000000000000000e+00 9.639639854431152344e-01
9.993103454852926282e-01 9.639639854431152344e-01
9.986206909705852564e-01 9.639639854431152344e-01
9.979310344005453137e-01 9.639639854431152344e-01
9.986206889152526855e-01 9.639639854431152344e-01
9.979310323452127429e-01 9.639639854431152344e-01
9.993103454852926282e-01 9.639639854431152344e-01
9.986206868599201147e-01 9.639639854431152344e-01
9.993103454852926282e-01 9.639639854431152344e-01
9.993103454852926282e-01 9.639641046524047852e-01
9.986206889152526855e-01 9.639639854431152344e-01
9.979310344005453137e-01 9.639639854431152344e-01
1.000000000000000000e+00 9.639639854431152344e-01
9.993103454852926282e-01 9.639639854431152344e-01
9.993103454852926282e-01 9.639641046524047852e-01
9.979310344005453137e-01 9.639639854431152344e-01
9.993103454852926282e-01 9.639640450477600098e-01
9.993103454852926282e-01 9.639639854431152344e-01
1.000000000000000000e+00 9.639641046524047852e-01
9.993103454852926282e-01 9.639641046524047852e-01
1.000000000000000000e+00 9.639639854431152344e-01
1.000000000000000000e+00 9.639639854431152344e-01
9.979310364558778845e-01 9.639639854431152344e-01
1.000000000000000000e+00 9.639639854431152344e-01
9.993103454852926282e-01 9.639640450477600098e-01
9.986206889152526855e-01 9.639639854431152344e-01
9.993103454852926282e-01 9.639641046524047852e-01
9.993103434299600574e-01 9.639639854431152344e-01
9.993103454852926282e-01 9.639639258384704590e-01
9.993103454852926282e-01 9.639639854431152344e-01
9.993103454852926282e-01 9.639639854431152344e-01
9.972413798858379419e-01 9.639639854431152344e-01
9.986206889152526855e-01 9.639639258384704590e-01
9.993103454852926282e-01 9.639639854431152344e-01
9.986206889152526855e-01 9.639639854431152344e-01
9.979310364558778845e-01 9.639639854431152344e-01
9.979310344005453137e-01 9.639639854431152344e-01
9.986206909705852564e-01 9.639639854431152344e-01
9.993103434299600574e-01 9.639639854431152344e-01
9.993103454852926282e-01 9.639639854431152344e-01
1.000000000000000000e+00 9.639639854431152344e-01
9.993103454852926282e-01 9.639639854431152344e-01
9.986206909705852564e-01 9.639639854431152344e-01
9.979310344005453137e-01 9.639641046524047852e-01
9.986206868599201147e-01 9.639641046524047852e-01
9.986206909705852564e-01 9.639639854431152344e-01
9.986206909705852564e-01 9.639639854431152344e-01
9.965517253711305701e-01 9.639639258384704590e-01
1.000000000000000000e+00 9.639639854431152344e-01
9.979310323452127429e-01 9.639641046524047852e-01
9.993103454852926282e-01 9.639639854431152344e-01
9.986206909705852564e-01 9.639639854431152344e-01
9.986206889152526855e-01 9.639639854431152344e-01
9.986206868599201147e-01 9.639639854431152344e-01
1.000000000000000000e+00 9.639639854431152344e-01
9.993103434299600574e-01 9.639639854431152344e-01
9.993103434299600574e-01 9.639639854431152344e-01
9.965517233157979993e-01 9.639639854431152344e-01
9.979310364558778845e-01 9.639640450477600098e-01
9.986206909705852564e-01 9.639639854431152344e-01
9.986206889152526855e-01 9.639639854431152344e-01
1.000000000000000000e+00 9.639639854431152344e-01
9.993103454852926282e-01 9.639641046524047852e-01
9.986206868599201147e-01 9.639640450477600098e-01
1.000000000000000000e+00 9.639641046524047852e-01
1.000000000000000000e+00 9.639639854431152344e-01
9.993103434299600574e-01 9.639639854431152344e-01
9.993103454852926282e-01 9.639639854431152344e-01
9.979310364558778845e-01 9.639641046524047852e-01
9.993103434299600574e-01 9.639639854431152344e-01
9.979310344005453137e-01 9.639639854431152344e-01
9.993103434299600574e-01 9.639641046524047852e-01
9.993103434299600574e-01 9.639639854431152344e-01
9.993103434299600574e-01 9.639639854431152344e-01
9.979310344005453137e-01 9.639639854431152344e-01
9.979310344005453137e-01 9.639639854431152344e-01
9.993103434299600574e-01 9.639639854431152344e-01
9.986206909705852564e-01 9.639639854431152344e-01
9.986206889152526855e-01 9.639639854431152344e-01
9.979310323452127429e-01 9.639639854431152344e-01
9.993103454852926282e-01 9.639639854431152344e-01
9.993103454852926282e-01 9.639639854431152344e-01
9.993103454852926282e-01 9.639640450477600098e-01
9.986206909705852564e-01 9.639639854431152344e-01
9.993103434299600574e-01 9.639639854431152344e-01
9.979310344005453137e-01 9.639639854431152344e-01
9.986206909705852564e-01 9.639641046524047852e-01
9.986206909705852564e-01 9.639639258384704590e-01
9.986206889152526855e-01 9.639639854431152344e-01
9.979310364558778845e-01 9.639639854431152344e-01
9.986206889152526855e-01 9.639640450477600098e-01
9.993103434299600574e-01 9.639639854431152344e-01
9.986206889152526855e-01 9.639639854431152344e-01
9.993103454852926282e-01 9.639639854431152344e-01
9.972413798858379419e-01 9.639639854431152344e-01
9.986206889152526855e-01 9.639641046524047852e-01
9.993103454852926282e-01 9.639641046524047852e-01
9.986206909705852564e-01 9.639641046524047852e-01
9.979310344005453137e-01 9.639639854431152344e-01
9.993103454852926282e-01 9.639639258384704590e-01
9.993103454852926282e-01 9.639639854431152344e-01
9.993103434299600574e-01 9.639639854431152344e-01
9.986206889152526855e-01 9.639639854431152344e-01
9.986206909705852564e-01 9.639639854431152344e-01
9.993103454852926282e-01 9.639641046524047852e-01
9.986206909705852564e-01 9.639639258384704590e-01
1.000000000000000000e+00 9.639641046524047852e-01
9.972413819411705127e-01 9.639641046524047852e-01
9.993103454852926282e-01 9.639639854431152344e-01
9.993103434299600574e-01 9.639639854431152344e-01
9.972413757751728003e-01 9.639639854431152344e-01
9.986206889152526855e-01 9.639639854431152344e-01
9.986206868599201147e-01 9.639639854431152344e-01
9.993103434299600574e-01 9.639639854431152344e-01
9.979310323452127429e-01 9.639639854431152344e-01
9.986206909705852564e-01 9.639639854431152344e-01
9.986206909705852564e-01 9.639639854431152344e-01
9.986206868599201147e-01 9.639639854431152344e-01
9.979310364558778845e-01 9.639639854431152344e-01
9.986206889152526855e-01 9.639639854431152344e-01
9.986206909705852564e-01 9.639639854431152344e-01
9.986206889152526855e-01 9.639641046524047852e-01
9.993103434299600574e-01 9.639639854431152344e-01
9.986206889152526855e-01 9.639639854431152344e-01
9.958620688010906274e-01 9.639639854431152344e-01
9.986206889152526855e-01 9.639641046524047852e-01
9.993103454852926282e-01 9.639639854431152344e-01
1.000000000000000000e+00 9.639639854431152344e-01
9.979310323452127429e-01 9.639639258384704590e-01
9.993103454852926282e-01 9.639641046524047852e-01
9.979310323452127429e-01 9.639639854431152344e-01
9.986206909705852564e-01 9.639639854431152344e-01
9.993103454852926282e-01 9.639639258384704590e-01
9.965517212604654285e-01 9.639641046524047852e-01
1.000000000000000000e+00 9.639639854431152344e-01
1.000000000000000000e+00 9.639639854431152344e-01
9.993103454852926282e-01 9.639639854431152344e-01
9.993103454852926282e-01 9.639639854431152344e-01
9.993103454852926282e-01 9.639639854431152344e-01
9.986206889152526855e-01 9.639641046524047852e-01
9.993103434299600574e-01 9.639639854431152344e-01
9.993103434299600574e-01 9.639640450477600098e-01
9.986206909705852564e-01 9.639639854431152344e-01
9.986206889152526855e-01 9.639641046524047852e-01
9.986206868599201147e-01 9.639639854431152344e-01
9.979310344005453137e-01 9.639639854431152344e-01
9.993103434299600574e-01 9.639639854431152344e-01
9.993103434299600574e-01 9.639641046524047852e-01
9.986206909705852564e-01 9.639640450477600098e-01
9.993103454852926282e-01 9.639639854431152344e-01
9.986206909705852564e-01 9.639639854431152344e-01
9.993103454852926282e-01 9.639639854431152344e-01
9.993103454852926282e-01 9.639639854431152344e-01
9.993103434299600574e-01 9.639640450477600098e-01
9.986206909705852564e-01 9.639639854431152344e-01
9.993103454852926282e-01 9.639639854431152344e-01
9.993103454852926282e-01 9.639639854431152344e-01
1.000000000000000000e+00 9.639639854431152344e-01
9.993103454852926282e-01 9.639639854431152344e-01
9.986206868599201147e-01 9.639641046524047852e-01
9.958620688010906274e-01 9.639639854431152344e-01
9.993103454852926282e-01 9.639639854431152344e-01
9.993103454852926282e-01 9.639639854431152344e-01
1.000000000000000000e+00 9.639641046524047852e-01
9.993103434299600574e-01 9.639639854431152344e-01
9.986206909705852564e-01 9.639639854431152344e-01
9.986206889152526855e-01 9.639639854431152344e-01
1.000000000000000000e+00 9.639639854431152344e-01
9.986206889152526855e-01 9.639639854431152344e-01
9.986206909705852564e-01 9.639639854431152344e-01
9.972413798858379419e-01 9.639639854431152344e-01
9.993103434299600574e-01 9.639641046524047852e-01
9.993103454852926282e-01 9.639639854431152344e-01
1.000000000000000000e+00 9.639639854431152344e-01
9.986206909705852564e-01 9.639639854431152344e-01
9.993103454852926282e-01 9.639639854431152344e-01
9.979310344005453137e-01 9.639639854431152344e-01
9.993103454852926282e-01 9.639639854431152344e-01
9.979310364558778845e-01 9.639639854431152344e-01
9.993103454852926282e-01 9.639639854431152344e-01
9.979310323452127429e-01 9.639639854431152344e-01
9.986206889152526855e-01 9.639639854431152344e-01
9.986206889152526855e-01 9.639639854431152344e-01
9.979310344005453137e-01 9.639640450477600098e-01
9.993103434299600574e-01 9.639640450477600098e-01
9.993103454852926282e-01 9.639639854431152344e-01
1.000000000000000000e+00 9.639639854431152344e-01
9.993103454852926282e-01 9.639639258384704590e-01
9.993103454852926282e-01 9.639639854431152344e-01
9.972413819411705127e-01 9.639641046524047852e-01
9.986206889152526855e-01 9.639639854431152344e-01
9.986206868599201147e-01 9.639639854431152344e-01
9.972413778305053711e-01 9.639639258384704590e-01
9.993103454852926282e-01 9.639639854431152344e-01
9.972413778305053711e-01 9.639639854431152344e-01
9.986206889152526855e-01 9.639639854431152344e-01
9.993103454852926282e-01 9.639639854431152344e-01
9.986206868599201147e-01 9.639640450477600098e-01
9.993103454852926282e-01 9.639639854431152344e-01
0.000000000000000000e+00 0.000000000000000000e+00
0.000000000000000000e+00 0.000000000000000000e+00
0.000000000000000000e+00 0.000000000000000000e+00
0.000000000000000000e+00 0.000000000000000000e+00
0.000000000000000000e+00 0.000000000000000000e+00
0.000000000000000000e+00 0.000000000000000000e+00
0.000000000000000000e+00 0.000000000000000000e+00
0.000000000000000000e+00 0.000000000000000000e+00
0.000000000000000000e+00 0.000000000000000000e+00
0.000000000000000000e+00 0.000000000000000000e+00
0.000000000000000000e+00 0.000000000000000000e+00
0.000000000000000000e+00 0.000000000000000000e+00
0.000000000000000000e+00 0.000000000000000000e+00
0.000000000000000000e+00 0.000000000000000000e+00
0.000000000000000000e+00 0.000000000000000000e+00
0.000000000000000000e+00 0.000000000000000000e+00
0.000000000000000000e+00 0.000000000000000000e+00
0.000000000000000000e+00 0.000000000000000000e+00
0.000000000000000000e+00 0.000000000000000000e+00
0.000000000000000000e+00 0.000000000000000000e+00
0.000000000000000000e+00 0.000000000000000000e+00
0.000000000000000000e+00 0.000000000000000000e+00
0.000000000000000000e+00 0.000000000000000000e+00
0.000000000000000000e+00 0.000000000000000000e+00
0.000000000000000000e+00 0.000000000000000000e+00
0.000000000000000000e+00 0.000000000000000000e+00
0.000000000000000000e+00 0.000000000000000000e+00
0.000000000000000000e+00 0.000000000000000000e+00
0.000000000000000000e+00 0.000000000000000000e+00
0.000000000000000000e+00 0.000000000000000000e+00
0.000000000000000000e+00 0.000000000000000000e+00
0.000000000000000000e+00 0.000000000000000000e+00
0.000000000000000000e+00 0.000000000000000000e+00
0.000000000000000000e+00 0.000000000000000000e+00
0.000000000000000000e+00 0.000000000000000000e+00
0.000000000000000000e+00 0.000000000000000000e+00
0.000000000000000000e+00 0.000000000000000000e+00
0.000000000000000000e+00 0.000000000000000000e+00
0.000000000000000000e+00 0.000000000000000000e+00
0.000000000000000000e+00 0.000000000000000000e+00
0.000000000000000000e+00 0.000000000000000000e+00
0.000000000000000000e+00 0.000000000000000000e+00
0.000000000000000000e+00 0.000000000000000000e+00
0.000000000000000000e+00 0.000000000000000000e+00
0.000000000000000000e+00 0.000000000000000000e+00
0.000000000000000000e+00 0.000000000000000000e+00
0.000000000000000000e+00 0.000000000000000000e+00
0.000000000000000000e+00 0.000000000000000000e+00
0.000000000000000000e+00 0.000000000000000000e+00
0.000000000000000000e+00 0.000000000000000000e+00
0.000000000000000000e+00 0.000000000000000000e+00
0.000000000000000000e+00 0.000000000000000000e+00
0.000000000000000000e+00 0.000000000000000000e+00
0.000000000000000000e+00 0.000000000000000000e+00
0.000000000000000000e+00 0.000000000000000000e+00
0.000000000000000000e+00 0.000000000000000000e+00
0.000000000000000000e+00 0.000000000000000000e+00
0.000000000000000000e+00 0.000000000000000000e+00
0.000000000000000000e+00 0.000000000000000000e+00
0.000000000000000000e+00 0.000000000000000000e+00
0.000000000000000000e+00 0.000000000000000000e+00
0.000000000000000000e+00 0.000000000000000000e+00
0.000000000000000000e+00 0.000000000000000000e+00
0.000000000000000000e+00 0.000000000000000000e+00
0.000000000000000000e+00 0.000000000000000000e+00
0.000000000000000000e+00 0.000000000000000000e+00
0.000000000000000000e+00 0.000000000000000000e+00
0.000000000000000000e+00 0.000000000000000000e+00
0.000000000000000000e+00 0.000000000000000000e+00
0.000000000000000000e+00 0.000000000000000000e+00
0.000000000000000000e+00 0.000000000000000000e+00
0.000000000000000000e+00 0.000000000000000000e+00
0.000000000000000000e+00 0.000000000000000000e+00
0.000000000000000000e+00 0.000000000000000000e+00
0.000000000000000000e+00 0.000000000000000000e+00
0.000000000000000000e+00 0.000000000000000000e+00
0.000000000000000000e+00 0.000000000000000000e+00
0.000000000000000000e+00 0.000000000000000000e+00
0.000000000000000000e+00 0.000000000000000000e+00
0.000000000000000000e+00 0.000000000000000000e+00
0.000000000000000000e+00 0.000000000000000000e+00
0.000000000000000000e+00 0.000000000000000000e+00
0.000000000000000000e+00 0.000000000000000000e+00
0.000000000000000000e+00 0.000000000000000000e+00
0.000000000000000000e+00 0.000000000000000000e+00
0.000000000000000000e+00 0.000000000000000000e+00
0.000000000000000000e+00 0.000000000000000000e+00
0.000000000000000000e+00 0.000000000000000000e+00
0.000000000000000000e+00 0.000000000000000000e+00
0.000000000000000000e+00 0.000000000000000000e+00
0.000000000000000000e+00 0.000000000000000000e+00
0.000000000000000000e+00 0.000000000000000000e+00
0.000000000000000000e+00 0.000000000000000000e+00
0.000000000000000000e+00 0.000000000000000000e+00
0.000000000000000000e+00 0.000000000000000000e+00
0.000000000000000000e+00 0.000000000000000000e+00
0.000000000000000000e+00 0.000000000000000000e+00
0.000000000000000000e+00 0.000000000000000000e+00
0.000000000000000000e+00 0.000000000000000000e+00
