0.000000000000000000e+00 0.000000000000000000e+00
0.000000000000000000e+00 0.000000000000000000e+00
0.000000000000000000e+00 0.000000000000000000e+00
0.000000000000000000e+00 0.000000000000000000e+00
0.000000000000000000e+00 0.000000000000000000e+00
0.000000000000000000e+00 0.000000000000000000e+00
0.000000000000000000e+00 0.000000000000000000e+00
0.000000000000000000e+00 0.000000000000000000e+00
0.000000000000000000e+00 0.000000000000000000e+00
0.000000000000000000e+00 0.000000000000000000e+00
0.000000000000000000e+00 0.000000000000000000e+00
6.972413700202415576e-01 8.873873949050903320e-01
7.241379166471546558e-01 8.828828930854797363e-01
7.544827481796001489e-01 9.009009599685668945e-01
7.606896511439619202e-01 8.918918967247009277e-01
7.779310222329764990e-01 8.963964581489562988e-01
8.006896314949825122e-01 9.054054021835327148e-01
7.958620601686937635e-01 9.009009599685668945e-01
7.986206720615255383e-01 9.144144058227539062e-01
8.131034292023757715e-01 9.189189672470092773e-01
8.393103439232398877e-01 9.234234094619750977e-01
8.062068737786391992e-01 9.189189672470092773e-01
8.151723968571630285e-01 9.459459781646728516e-01
8.124137746876683996e-01 9.369369745254516602e-01
8.199999805154472021e-01 9.459459781646728516e-01
8.482758526144356104e-01 9.549549818038940430e-01
8.641379249506982996e-01 9.414415359497070312e-01
8.627586179766161267e-01 9.504505395889282227e-01
8.482758546697681812e-01 9.594594240188598633e-01
8.675861975242351587e-01 9.324325323104858398e-01
8.531034383280523548e-01 9.549549818038940430e-01
8.724137852931844739e-01 9.549549818038940430e-01
8.958620552358955713e-01 9.414415359497070312e-01
8.951724089425185937e-01 9.594595432281494141e-01
8.855172272386222510e-01 9.594595432281494141e-01
8.889655224208173889e-01 9.504505395889282227e-01
8.903448232289018494e-01 9.549549221992492676e-01
8.993103463074256787e-01 9.504504799842834473e-01
9.082758632199517956e-01 9.324324727058410645e-01
9.117241378488212256e-01 9.459459781646728516e-01
9.062068873438341443e-01 9.459459185600280762e-01
8.999999987668004797e-01 9.459459781646728516e-01
9.227586121394716345e-01 9.504505395889282227e-01
9.117241316828234021e-01 9.324324131011962891e-01
9.144827600183158545e-01 9.459459781646728516e-01
9.041379381870401355e-01 9.594595432281494141e-01
9.262068949896713477e-01 9.369369745254516602e-01
9.399999955604816382e-01 9.639639854431152344e-01
9.386206865310668945e-01 9.639639854431152344e-01
9.386206885863994653e-01 9.639640450477600098e-01
9.296551778398710608e-01 9.639641046524047852e-01
9.303448302992458618e-01 9.414415359497070312e-01
9.441379349807212940e-01 9.504504203796386719e-01
9.386206844757343237e-01 9.504505395889282227e-01
9.510344842384601538e-01 9.459459185600280762e-01
9.462068985248434094e-01 9.549549818038940430e-01
9.455172378441383252e-01 9.459459781646728516e-01
9.496551793197105518e-01 9.504504203796386719e-01
9.482758579583003833e-01 9.324324131011962891e-01
9.482758600136329541e-01 9.414415359497070312e-01
9.537931064079547827e-01 9.459460973739624023e-01
9.524137973785400391e-01 9.549549221992492676e-01
9.455172440101360376e-01 9.414414763450622559e-01
9.572413789814916418e-01 9.414415359497070312e-01
9.482758682349632373e-01 9.459459781646728516e-01
9.551724195480346680e-01 9.369369745254516602e-01
9.524138055998703223e-01 9.594595432281494141e-01
9.503448276684202112e-01 9.504505395889282227e-01
9.551724174927020972e-01 9.459460377693176270e-01
9.565517203561191284e-01 9.549549818038940430e-01
9.524137932678748975e-01 9.369369149208068848e-01
9.613793122357335852e-01 9.459459781646728516e-01
9.682758676594701575e-01 9.369369149208068848e-01
9.737931017217964502e-01 9.549549221992492676e-01
9.627586233204808996e-01 9.549549221992492676e-01
9.613793040144031909e-01 9.549550414085388184e-01
9.765517280019563318e-01 9.549551010131835938e-01
9.682758717701352991e-01 9.459459185600280762e-01
9.655172413793103869e-01 9.459459781646728516e-01
9.731034472070890784e-01 9.414415359497070312e-01
9.758620714319163891e-01 9.549549818038940430e-01
9.675862049234325024e-01 9.459459781646728516e-01
9.682758676594701575e-01 9.504504203796386719e-01
9.662069000046829004e-01 9.549549818038940430e-01
9.696551746335523303e-01 9.504505395889282227e-01
9.648275930306007275e-01 9.549549221992492676e-01
9.655172434346429577e-01 9.549549818038940430e-01
9.779310267547081104e-01 9.459460973739624023e-01
9.703448312035922729e-01 9.549549818038940430e-01
9.731034472070890784e-01 9.459459781646728516e-01
9.765517238912910791e-01 9.459459781646728516e-01
9.758620693765837073e-01 9.504505395889282227e-01
9.682758614934724450e-01 9.459460973739624023e-01
9.689655098421819934e-01 9.414414167404174805e-01
9.682758614934724450e-01 9.414415359497070312e-01
9.751724148618763355e-01 9.459459185600280762e-01
9.765517259466236499e-01 9.549549818038940430e-01
9.765517238912910791e-01 9.459459185600280762e-01
9.737931058324617029e-01 9.594595432281494141e-01
9.710344918842973572e-01 9.549549818038940430e-01
9.820689702856129077e-01 9.459460377693176270e-01
9.786206894907457654e-01 9.549550414085388184e-01
9.772413825166637036e-01 9.594594240188598633e-01
9.793103460607857080e-01 9.549549818038940430e-01
9.744827603471690747e-01 9.504504203796386719e-01
9.744827562365038220e-01 9.549549818038940430e-01
9.827586186343225672e-01 9.549549818038940430e-01
9.820689702856129077e-01 9.504504203796386719e-01
9.855172428591497669e-01 9.504504203796386719e-01
9.779310329207058228e-01 9.504505395889282227e-01
9.800000005754930799e-01 9.459459781646728516e-01
9.772413825166637036e-01 9.504504799842834473e-01
9.793103460607857080e-01 9.549549818038940430e-01
9.786206915460783362e-01 9.504504203796386719e-01
9.765517259466236499e-01 9.459459781646728516e-01
9.710344877736322156e-01 9.459460973739624023e-01
9.786206915460783362e-01 9.459459781646728516e-01
9.813793219369033594e-01 9.504505395889282227e-01
9.834482731490299390e-01 9.639639854431152344e-01
9.827586206896551380e-01 9.639641046524047852e-01
9.834482752043625098e-01 9.549549818038940430e-01
9.800000005754930799e-01 9.549549818038940430e-01
9.827586165789899963e-01 9.504505395889282227e-01
9.779310329207058228e-01 9.639639854431152344e-01
9.793103481161182788e-01 9.504504203796386719e-01
9.855172408038171961e-01 9.504505395889282227e-01
9.827586206896551380e-01 9.504505395889282227e-01
9.820689641196151953e-01 9.549549818038940430e-01
9.827586165789899963e-01 9.549549818038940430e-01
9.800000026308256507e-01 9.549549818038940430e-01
9.813793137155729651e-01 9.504505395889282227e-01
9.855172408038171961e-01 9.549549221992492676e-01
9.875862105139370239e-01 9.549549818038940430e-01
9.834482752043625098e-01 9.549549818038940430e-01
9.827586227449877088e-01 9.504504203796386719e-01
9.834482752043625098e-01 9.504504203796386719e-01
9.827586206896551380e-01 9.504505395889282227e-01
9.862068932631919971e-01 9.504505395889282227e-01
9.855172366931520544e-01 9.504504799842834473e-01
9.862068932631919971e-01 9.459459781646728516e-01
9.868965477778993689e-01 9.459460377693176270e-01
9.855172366931520544e-01 9.459459781646728516e-01
9.868965498332319397e-01 9.504505395889282227e-01
9.855172408038171961e-01 9.504504203796386719e-01
9.827586227449877088e-01 9.549549818038940430e-01
9.882758650286443958e-01 9.549549818038940430e-01
9.806896530348678809e-01 9.639639854431152344e-01
9.889655236540169092e-01 9.594595432281494141e-01
9.848275883444423950e-01 9.594594836235046387e-01
9.868965539438970813e-01 9.549551010131835938e-01
9.834482854810254748e-01 9.549549818038940430e-01
9.868965498332319397e-01 9.504504203796386719e-01
9.820689661749477661e-01 9.594595432281494141e-01
9.820689579536174829e-01 9.504504799842834473e-01
9.848275842337772534e-01 9.594594836235046387e-01
9.889655174880191968e-01 9.594594836235046387e-01
9.868965559992296521e-01 9.549549818038940430e-01
9.868965559992296521e-01 9.549551010131835938e-01
9.841379214977395984e-01 9.459459781646728516e-01
9.875862064032718823e-01 9.594594240188598633e-01
9.862068953185245679e-01 9.594595432281494141e-01
9.813793096049078235e-01 9.594595432281494141e-01
9.855172387484846253e-01 9.504505395889282227e-01
9.889655174880191968e-01 9.549551010131835938e-01
9.875862022926067407e-01 9.639641046524047852e-01
9.848275883444423950e-01 9.459459781646728516e-01
9.868965498332319397e-01 9.504504203796386719e-01
9.889655174880191968e-01 9.549549221992492676e-01
9.875862022926067407e-01 9.549550414085388184e-01
9.910344748661435998e-01 9.459459781646728516e-01
9.875862105139370239e-01 9.549549818038940430e-01
9.868965601098949048e-01 9.549549818038940430e-01
9.889655133773540552e-01 9.549549818038940430e-01
9.882758588626466834e-01 9.594594240188598633e-01
9.882758588626466834e-01 9.594595432281494141e-01
9.917241355468486841e-01 9.639641046524047852e-01
9.889655154326866260e-01 9.639641046524047852e-01
9.882758670839769666e-01 9.639641046524047852e-01
9.875862002372741699e-01 9.549549818038940430e-01
9.910344789768087415e-01 9.639641046524047852e-01
9.882758629733118250e-01 9.594595432281494141e-01
9.806896612561982751e-01 9.594594240188598633e-01
9.882758629733118250e-01 9.639639854431152344e-01
9.924137900615560559e-01 9.594595432281494141e-01
9.889655133773540552e-01 9.594594836235046387e-01
9.896551678920614270e-01 9.639640450477600098e-01
9.855172428591497669e-01 9.594595432281494141e-01
9.855172346378194836e-01 9.639641046524047852e-01
9.868965539438970813e-01 9.639639854431152344e-01
9.882758650286443958e-01 9.594594240188598633e-01
9.903448326834316529e-01 9.639639854431152344e-01
9.882758609179792542e-01 9.639639854431152344e-01
9.924137962275537683e-01 9.639639854431152344e-01
9.834482752043625098e-01 9.594595432281494141e-01
9.896551761133917102e-01 9.594595432281494141e-01
9.868965498332319397e-01 9.459460973739624023e-01
9.910344851428064539e-01 9.639639854431152344e-01
9.875862064032718823e-01 9.639641046524047852e-01
9.917241334915161133e-01 9.639641046524047852e-01
9.910344810321413123e-01 9.639640450477600098e-01
9.917241417128463965e-01 9.639640450477600098e-01
9.889655174880191968e-01 9.639639854431152344e-01
9.896551678920614270e-01 9.594594240188598633e-01
9.903448326834316529e-01 9.639641046524047852e-01
9.882758629733118250e-01 9.639639854431152344e-01
9.882758568073141126e-01 9.639639854431152344e-01
9.848275883444423950e-01 9.639639258384704590e-01
9.882758568073141126e-01 9.639639854431152344e-01
9.896551720027265686e-01 9.639639854431152344e-01
9.917241355468486841e-01 9.594594240188598633e-01
9.924137921168886267e-01 9.594594240188598633e-01
9.931034466315959985e-01 9.639639854431152344e-01
9.917241334915161133e-01 9.639639854431152344e-01
9.875862084586044531e-01 9.594595432281494141e-01
9.951724122310506848e-01 9.639641046524047852e-01
9.944827556610107422e-01 9.594594240188598633e-01
9.896551658367288562e-01 9.594594836235046387e-01
9.896551720027265686e-01 9.594594240188598633e-01
9.917241376021812549e-01 9.594594240188598633e-01
9.958620667457580566e-01 9.594595432281494141e-01
9.889655154326866260e-01 9.549551010131835938e-01
9.917241355468486841e-01 9.594595432281494141e-01
9.931034486869285693e-01 9.594595432281494141e-01
9.917241314361835425e-01 9.549551010131835938e-01
9.944827556610107422e-01 9.594594240188598633e-01
9.931034507422611401e-01 9.594595432281494141e-01
9.889655195433517676e-01 9.549549818038940430e-01
9.917241355468486841e-01 9.594594240188598633e-01
9.910344769214761707e-01 9.639641046524047852e-01
9.951724163417158264e-01 9.594594836235046387e-01
9.951724142863832556e-01 9.594594836235046387e-01
9.951724142863832556e-01 9.594595432281494141e-01
9.882758609179792542e-01 9.549551010131835938e-01
9.910344789768087415e-01 9.549549221992492676e-01
9.910344851428064539e-01 9.549549818038940430e-01
9.882758629733118250e-01 9.594595432281494141e-01
9.903448285727665112e-01 9.549549818038940430e-01
9.937931052569685120e-01 9.549549818038940430e-01
9.910344892534715955e-01 9.549549818038940430e-01
9.903448265174339404e-01 9.549549818038940430e-01
9.944827577163433130e-01 9.549549818038940430e-01
9.937931032016359412e-01 9.549549818038940430e-01
9.931034507422611401e-01 9.549549818038940430e-01
9.882758609179792542e-01 9.594595432281494141e-01
9.903448326834316529e-01 9.594595432281494141e-01
9.924137859508909143e-01 9.594595432281494141e-01
9.931034445762634277e-01 9.594594240188598633e-01
9.910344748661435998e-01 9.549549818038940430e-01
9.924137962275537683e-01 9.549549818038940430e-01
9.917241355468486841e-01 9.549549818038940430e-01
9.931034527975937110e-01 9.594594240188598633e-01
9.958620729117557691e-01 9.594595432281494141e-01
9.924137941722211975e-01 9.594595432281494141e-01
9.924137900615560559e-01 9.594595432281494141e-01
9.931034486869285693e-01 9.594594240188598633e-01
9.986206889152526855e-01 9.594595432281494141e-01
9.903448203514362280e-01 9.594595432281494141e-01
9.937930990909707996e-01 9.594595432281494141e-01
9.951724122310506848e-01 9.594594240188598633e-01
9.903448285727665112e-01 9.594595432281494141e-01
9.910344851428064539e-01 9.594595432281494141e-01
9.951724163417158264e-01 9.594595432281494141e-01
9.944827597716758838e-01 9.594595432281494141e-01
9.896551678920614270e-01 9.594595432281494141e-01
9.855172408038171961e-01 9.594595432281494141e-01
9.910344810321413123e-01 9.594594240188598633e-01
9.937931032016359412e-01 9.594595432281494141e-01
9.944827577163433130e-01 9.594595432281494141e-01
9.924137921168886267e-01 9.594595432281494141e-01
9.937931073123010828e-01 9.594594836235046387e-01
9.951724122310506848e-01 9.549549818038940430e-01
9.931034507422611401e-01 9.549549818038940430e-01
9.903448244621013696e-01 9.549549818038940430e-01
9.924137859508909143e-01 9.594595432281494141e-01
9.944827556610107422e-01 9.549550414085388184e-01
9.903448224067687988e-01 9.549550414085388184e-01
9.931034445762634277e-01 9.594594240188598633e-01
9.972413778305053711e-01 9.594595432281494141e-01
9.931034466315959985e-01 9.594595432281494141e-01
9.931034445762634277e-01 9.594594240188598633e-01
9.896551637813962854e-01 9.594594240188598633e-01
9.937931052569685120e-01 9.594594836235046387e-01
9.958620708564231983e-01 9.594595432281494141e-01
9.937931052569685120e-01 9.594595432281494141e-01
9.903448244621013696e-01 9.594594240188598633e-01
9.937931032016359412e-01 9.594595432281494141e-01
9.924137880062234851e-01 9.594595432281494141e-01
9.944827577163433130e-01 9.594595432281494141e-01
9.944827556610107422e-01 9.594594240188598633e-01
9.903448265174339404e-01 9.594594836235046387e-01
9.944827597716758838e-01 9.594595432281494141e-01
9.910344830874738831e-01 9.594594240188598633e-01
9.910344851428064539e-01 9.594595432281494141e-01
9.944827618270084546e-01 9.594595432281494141e-01
9.972413778305053711e-01 9.594594240188598633e-01
9.965517212604654285e-01 9.594595432281494141e-01
9.937931032016359412e-01 9.594595432281494141e-01
9.944827638823410254e-01 9.594595432281494141e-01
9.910344830874738831e-01 9.594595432281494141e-01
9.931034486869285693e-01 9.594595432281494141e-01
9.965517253711305701e-01 9.594594836235046387e-01
9.951724142863832556e-01 9.594594240188598633e-01
9.944827597716758838e-01 9.594595432281494141e-01
9.937931011463033704e-01 9.594595432281494141e-01
9.937931052569685120e-01 9.594595432281494141e-01
9.931034527975937110e-01 9.594595432281494141e-01
9.944827638823410254e-01 9.594595432281494141e-01
9.931034507422611401e-01 9.594595432281494141e-01
9.951724163417158264e-01 9.594594240188598633e-01
9.958620688010906274e-01 9.594594836235046387e-01
9.951724163417158264e-01 9.594595432281494141e-01
9.951724142863832556e-01 9.594595432281494141e-01
9.931034507422611401e-01 9.594595432281494141e-01
9.937931011463033704e-01 9.594595432281494141e-01
9.917241355468486841e-01 9.594595432281494141e-01
9.951724142863832556e-01 9.594594240188598633e-01
9.924137962275537683e-01 9.639639854431152344e-01
9.910344830874738831e-01 9.594595432281494141e-01
9.917241396575138257e-01 9.594595432281494141e-01
9.931034445762634277e-01 9.594594836235046387e-01
9.917241396575138257e-01 9.594595432281494141e-01
9.917241417128463965e-01 9.594595432281494141e-01
9.931034486869285693e-01 9.594595432281494141e-01
9.965517274264631409e-01 9.594594836235046387e-01
9.924137921168886267e-01 9.594594240188598633e-01
9.944827536056781714e-01 9.594595432281494141e-01
9.944827556610107422e-01 9.594595432281494141e-01
9.944827577163433130e-01 9.594595432281494141e-01
9.917241396575138257e-01 9.594594240188598633e-01
9.958620667457580566e-01 9.594594836235046387e-01
9.958620688010906274e-01 9.594595432281494141e-01
9.937931011463033704e-01 9.594594836235046387e-01
9.944827577163433130e-01 9.639639854431152344e-01
9.896551678920614270e-01 9.594595432281494141e-01
9.958620688010906274e-01 9.594595432281494141e-01
9.958620729117557691e-01 9.594595432281494141e-01
9.944827577163433130e-01 9.594595432281494141e-01
9.958620667457580566e-01 9.594595432281494141e-01
9.931034527975937110e-01 9.594595432281494141e-01
9.931034486869285693e-01 9.594594836235046387e-01
9.951724122310506848e-01 9.639639854431152344e-01
9.944827577163433130e-01 9.639639854431152344e-01
9.931034486869285693e-01 9.594595432281494141e-01
9.931034486869285693e-01 9.594595432281494141e-01
9.937931052569685120e-01 9.594594240188598633e-01
9.972413778305053711e-01 9.594594240188598633e-01
9.951724183970483972e-01 9.594594836235046387e-01
9.910344810321413123e-01 9.594595432281494141e-01
9.910344830874738831e-01 9.594594836235046387e-01
9.924137941722211975e-01 9.594594836235046387e-01
9.937931052569685120e-01 9.594595432281494141e-01
9.931034527975937110e-01 9.594594836235046387e-01
9.882758609179792542e-01 9.594595432281494141e-01
9.882758629733118250e-01 9.594594240188598633e-01
9.958620708564231983e-01 9.594594240188598633e-01
9.965517233157979993e-01 9.594594240188598633e-01
9.931034527975937110e-01 9.594594240188598633e-01
9.924137900615560559e-01 9.594594240188598633e-01
9.910344810321413123e-01 9.594594240188598633e-01
9.917241376021812549e-01 9.594594240188598633e-01
9.944827556610107422e-01 9.594594240188598633e-01
9.944827577163433130e-01 9.594595432281494141e-01
9.937931073123010828e-01 9.594595432281494141e-01
9.931034466315959985e-01 9.594595432281494141e-01
9.965517274264631409e-01 9.594595432281494141e-01
9.944827556610107422e-01 9.594594240188598633e-01
9.951724142863832556e-01 9.594595432281494141e-01
9.924137941722211975e-01 9.594594240188598633e-01
9.910344810321413123e-01 9.594594836235046387e-01
9.972413757751728003e-01 9.594594240188598633e-01
9.979310323452127429e-01 9.594595432281494141e-01
9.944827577163433130e-01 9.594594240188598633e-01
9.917241376021812549e-01 9.594595432281494141e-01
9.903448265174339404e-01 9.594594240188598633e-01
9.931034507422611401e-01 9.594595432281494141e-01
9.931034466315959985e-01 9.594594240188598633e-01
9.924137900615560559e-01 9.594594240188598633e-01
9.951724142863832556e-01 9.594594240188598633e-01
9.944827556610107422e-01 9.594594240188598633e-01
9.937931052569685120e-01 9.594595432281494141e-01
9.924137921168886267e-01 9.594595432281494141e-01
9.951724122310506848e-01 9.594595432281494141e-01
9.951724122310506848e-01 9.594595432281494141e-01
9.917241355468486841e-01 9.594595432281494141e-01
9.924137921168886267e-01 9.594595432281494141e-01
9.944827577163433130e-01 9.594595432281494141e-01
9.931034486869285693e-01 9.594595432281494141e-01
9.910344851428064539e-01 9.594595432281494141e-01
9.882758547519815417e-01 9.594595432281494141e-01
9.958620667457580566e-01 9.594594240188598633e-01
9.979310364558778845e-01 9.594595432281494141e-01
9.917241417128463965e-01 9.594594240188598633e-01
9.917241437681789673e-01 9.594595432281494141e-01
9.951724122310506848e-01 9.594595432281494141e-01
9.958620667457580566e-01 9.594594240188598633e-01
9.951724163417158264e-01 9.594595432281494141e-01
9.937931073123010828e-01 9.594595432281494141e-01
9.937931052569685120e-01 9.594594836235046387e-01
9.965517233157979993e-01 9.594594240188598633e-01
9.924137921168886267e-01 9.594594240188598633e-01
9.903448285727665112e-01 9.594595432281494141e-01
9.951724101757181140e-01 9.594594240188598633e-01
9.944827556610107422e-01 9.594595432281494141e-01
9.937931032016359412e-01 9.594594836235046387e-01
9.944827618270084546e-01 9.594595432281494141e-01
9.965517233157979993e-01 9.594595432281494141e-01
9.944827597716758838e-01 9.594595432281494141e-01
9.937931011463033704e-01 9.594595432281494141e-01
9.937930970356382288e-01 9.594594240188598633e-01
9.965517171498002869e-01 9.594594836235046387e-01
9.937931052569685120e-01 9.594595432281494141e-01
9.931034466315959985e-01 9.594594836235046387e-01
9.937931052569685120e-01 9.594595432281494141e-01
9.931034466315959985e-01 9.594594240188598633e-01
9.924137900615560559e-01 9.594595432281494141e-01
9.931034384102657153e-01 9.594595432281494141e-01
9.917241437681789673e-01 9.594594240188598633e-01
9.965517233157979993e-01 9.594595432281494141e-01
9.965517192051328577e-01 9.594595432281494141e-01
9.896551740580591394e-01 9.594595432281494141e-01
9.951724122310506848e-01 9.594595432281494141e-01
9.917241396575138257e-01 9.594595432281494141e-01
9.937931011463033704e-01 9.594595432281494141e-01
9.972413757751728003e-01 9.594595432281494141e-01
9.965517253711305701e-01 9.594594836235046387e-01
9.931034466315959985e-01 9.594594836235046387e-01
9.958620708564231983e-01 9.594594836235046387e-01
9.937931052569685120e-01 9.594595432281494141e-01
9.944827577163433130e-01 9.594595432281494141e-01
9.917241355468486841e-01 9.594595432281494141e-01
9.917241355468486841e-01 9.594595432281494141e-01
9.931034507422611401e-01 9.594595432281494141e-01
9.931034507422611401e-01 9.594594836235046387e-01
9.965517212604654285e-01 9.594594240188598633e-01
9.958620667457580566e-01 9.594595432281494141e-01
9.965517233157979993e-01 9.594595432281494141e-01
9.889655195433517676e-01 9.594595432281494141e-01
9.951724142863832556e-01 9.594595432281494141e-01
9.965517212604654285e-01 9.594594836235046387e-01
9.965517233157979993e-01 9.594595432281494141e-01
9.979310323452127429e-01 9.594595432281494141e-01
9.924137982828863391e-01 9.594594836235046387e-01
9.910344871981390247e-01 9.594595432281494141e-01
9.965517212604654285e-01 9.594595432281494141e-01
9.944827556610107422e-01 9.594595432281494141e-01
9.917241355468486841e-01 9.594595432281494141e-01
9.965517253711305701e-01 9.594595432281494141e-01
9.944827597716758838e-01 9.594594836235046387e-01
9.944827577163433130e-01 9.594595432281494141e-01
9.944827597716758838e-01 9.594594836235046387e-01
9.937931052569685120e-01 9.594595432281494141e-01
9.910344830874738831e-01 9.594594240188598633e-01
9.910344892534715955e-01 9.594595432281494141e-01
9.917241417128463965e-01 9.594595432281494141e-01
9.910344810321413123e-01 9.594594240188598633e-01
9.924137921168886267e-01 9.594595432281494141e-01
9.931034486869285693e-01 9.594595432281494141e-01
9.937930990909707996e-01 9.594595432281494141e-01
9.937931011463033704e-01 9.594594240188598633e-01
9.944827556610107422e-01 9.594594240188598633e-01
9.965517212604654285e-01 9.594595432281494141e-01
9.917241376021812549e-01 9.594595432281494141e-01
9.944827536056781714e-01 9.594595432281494141e-01
9.951724142863832556e-01 9.594595432281494141e-01
9.944827577163433130e-01 9.594595432281494141e-01
9.951724142863832556e-01 9.594595432281494141e-01
9.924137921168886267e-01 9.594595432281494141e-01
9.931034445762634277e-01 9.594595432281494141e-01
9.944827556610107422e-01 9.594595432281494141e-01
9.958620708564231983e-01 9.594594836235046387e-01
9.937931011463033704e-01 9.594595432281494141e-01
9.931034425209308569e-01 9.594595432281494141e-01
9.937931052569685120e-01 9.594595432281494141e-01
9.931034425209308569e-01 9.594595432281494141e-01
9.910344871981390247e-01 9.594595432281494141e-01
9.924137921168886267e-01 9.594595432281494141e-01
9.937931052569685120e-01 9.594595432281494141e-01
9.937931073123010828e-01 9.594595432281494141e-01
9.958620646904254858e-01 9.594595432281494141e-01
9.965517253711305701e-01 9.594595432281494141e-01
9.903448306280990820e-01 9.594595432281494141e-01
9.937931052569685120e-01 9.594594240188598633e-01
9.924137941722211975e-01 9.594594240188598633e-01
9.931034507422611401e-01 9.594595432281494141e-01
9.924137900615560559e-01 9.594595432281494141e-01
9.910344810321413123e-01 9.594594240188598633e-01
9.910344892534715955e-01 9.594595432281494141e-01
9.958620667457580566e-01 9.594595432281494141e-01
9.951724122310506848e-01 9.594595432281494141e-01
9.937930929249730871e-01 9.594594836235046387e-01
9.910344769214761707e-01 9.594594240188598633e-01
9.931034527975937110e-01 9.594595432281494141e-01
9.972413819411705127e-01 9.594594240188598633e-01
9.924137962275537683e-01 9.594594836235046387e-01
9.931034486869285693e-01 9.594594240188598633e-01
9.937931093676336536e-01 9.594595432281494141e-01
9.951724101757181140e-01 9.594595432281494141e-01
9.965517253711305701e-01 9.594594836235046387e-01
9.937931011463033704e-01 9.594595432281494141e-01
9.979310302898801721e-01 9.594595432281494141e-01
9.937930990909707996e-01 9.594595432281494141e-01
0.000000000000000000e+00 0.000000000000000000e+00
0.000000000000000000e+00 0.000000000000000000e+00
0.000000000000000000e+00 0.000000000000000000e+00
0.000000000000000000e+00 0.000000000000000000e+00
0.000000000000000000e+00 0.000000000000000000e+00
0.000000000000000000e+00 0.000000000000000000e+00
0.000000000000000000e+00 0.000000000000000000e+00
0.000000000000000000e+00 0.000000000000000000e+00
0.000000000000000000e+00 0.000000000000000000e+00
0.000000000000000000e+00 0.000000000000000000e+00
0.000000000000000000e+00 0.000000000000000000e+00
0.000000000000000000e+00 0.000000000000000000e+00
0.000000000000000000e+00 0.000000000000000000e+00
0.000000000000000000e+00 0.000000000000000000e+00
0.000000000000000000e+00 0.000000000000000000e+00
0.000000000000000000e+00 0.000000000000000000e+00
0.000000000000000000e+00 0.000000000000000000e+00
0.000000000000000000e+00 0.000000000000000000e+00
0.000000000000000000e+00 0.000000000000000000e+00
0.000000000000000000e+00 0.000000000000000000e+00
0.000000000000000000e+00 0.000000000000000000e+00
0.000000000000000000e+00 0.000000000000000000e+00
0.000000000000000000e+00 0.000000000000000000e+00
0.000000000000000000e+00 0.000000000000000000e+00
0.000000000000000000e+00 0.000000000000000000e+00
0.000000000000000000e+00 0.000000000000000000e+00
0.000000000000000000e+00 0.000000000000000000e+00
0.000000000000000000e+00 0.000000000000000000e+00
0.000000000000000000e+00 0.000000000000000000e+00
0.000000000000000000e+00 0.000000000000000000e+00
0.000000000000000000e+00 0.000000000000000000e+00
0.000000000000000000e+00 0.000000000000000000e+00
0.000000000000000000e+00 0.000000000000000000e+00
0.000000000000000000e+00 0.000000000000000000e+00
0.000000000000000000e+00 0.000000000000000000e+00
0.000000000000000000e+00 0.000000000000000000e+00
0.000000000000000000e+00 0.000000000000000000e+00
0.000000000000000000e+00 0.000000000000000000e+00
0.000000000000000000e+00 0.000000000000000000e+00
0.000000000000000000e+00 0.000000000000000000e+00
0.000000000000000000e+00 0.000000000000000000e+00
0.000000000000000000e+00 0.000000000000000000e+00
0.000000000000000000e+00 0.000000000000000000e+00
0.000000000000000000e+00 0.000000000000000000e+00
0.000000000000000000e+00 0.000000000000000000e+00
0.000000000000000000e+00 0.000000000000000000e+00
0.000000000000000000e+00 0.000000000000000000e+00
0.000000000000000000e+00 0.000000000000000000e+00
0.000000000000000000e+00 0.000000000000000000e+00
0.000000000000000000e+00 0.000000000000000000e+00
0.000000000000000000e+00 0.000000000000000000e+00
0.000000000000000000e+00 0.000000000000000000e+00
0.000000000000000000e+00 0.000000000000000000e+00
0.000000000000000000e+00 0.000000000000000000e+00
0.000000000000000000e+00 0.000000000000000000e+00
0.000000000000000000e+00 0.000000000000000000e+00
0.000000000000000000e+00 0.000000000000000000e+00
0.000000000000000000e+00 0.000000000000000000e+00
0.000000000000000000e+00 0.000000000000000000e+00
0.000000000000000000e+00 0.000000000000000000e+00
0.000000000000000000e+00 0.000000000000000000e+00
0.000000000000000000e+00 0.000000000000000000e+00
0.000000000000000000e+00 0.000000000000000000e+00
0.000000000000000000e+00 0.000000000000000000e+00
0.000000000000000000e+00 0.000000000000000000e+00
0.000000000000000000e+00 0.000000000000000000e+00
0.000000000000000000e+00 0.000000000000000000e+00
0.000000000000000000e+00 0.000000000000000000e+00
0.000000000000000000e+00 0.000000000000000000e+00
0.000000000000000000e+00 0.000000000000000000e+00
0.000000000000000000e+00 0.000000000000000000e+00
0.000000000000000000e+00 0.000000000000000000e+00
0.000000000000000000e+00 0.000000000000000000e+00
0.000000000000000000e+00 0.000000000000000000e+00
0.000000000000000000e+00 0.000000000000000000e+00
0.000000000000000000e+00 0.000000000000000000e+00
0.000000000000000000e+00 0.000000000000000000e+00
0.000000000000000000e+00 0.000000000000000000e+00
0.000000000000000000e+00 0.000000000000000000e+00
0.000000000000000000e+00 0.000000000000000000e+00
0.000000000000000000e+00 0.000000000000000000e+00
0.000000000000000000e+00 0.000000000000000000e+00
0.000000000000000000e+00 0.000000000000000000e+00
0.000000000000000000e+00 0.000000000000000000e+00
0.000000000000000000e+00 0.000000000000000000e+00
0.000000000000000000e+00 0.000000000000000000e+00
0.000000000000000000e+00 0.000000000000000000e+00
0.000000000000000000e+00 0.000000000000000000e+00
0.000000000000000000e+00 0.000000000000000000e+00
0.000000000000000000e+00 0.000000000000000000e+00
0.000000000000000000e+00 0.000000000000000000e+00
0.000000000000000000e+00 0.000000000000000000e+00
0.000000000000000000e+00 0.000000000000000000e+00
0.000000000000000000e+00 0.000000000000000000e+00
0.000000000000000000e+00 0.000000000000000000e+00
0.000000000000000000e+00 0.000000000000000000e+00
0.000000000000000000e+00 0.000000000000000000e+00
0.000000000000000000e+00 0.000000000000000000e+00
0.000000000000000000e+00 0.000000000000000000e+00
0.000000000000000000e+00 0.000000000000000000e+00
0.000000000000000000e+00 0.000000000000000000e+00
0.000000000000000000e+00 0.000000000000000000e+00
0.000000000000000000e+00 0.000000000000000000e+00
0.000000000000000000e+00 0.000000000000000000e+00
0.000000000000000000e+00 0.000000000000000000e+00
0.000000000000000000e+00 0.000000000000000000e+00
0.000000000000000000e+00 0.000000000000000000e+00
0.000000000000000000e+00 0.000000000000000000e+00
0.000000000000000000e+00 0.000000000000000000e+00
0.000000000000000000e+00 0.000000000000000000e+00
0.000000000000000000e+00 0.000000000000000000e+00
0.000000000000000000e+00 0.000000000000000000e+00
0.000000000000000000e+00 0.000000000000000000e+00
0.000000000000000000e+00 0.000000000000000000e+00
0.000000000000000000e+00 0.000000000000000000e+00
0.000000000000000000e+00 0.000000000000000000e+00
0.000000000000000000e+00 0.000000000000000000e+00
0.000000000000000000e+00 0.000000000000000000e+00
0.000000000000000000e+00 0.000000000000000000e+00
0.000000000000000000e+00 0.000000000000000000e+00
0.000000000000000000e+00 0.000000000000000000e+00
0.000000000000000000e+00 0.000000000000000000e+00
0.000000000000000000e+00 0.000000000000000000e+00
0.000000000000000000e+00 0.000000000000000000e+00
0.000000000000000000e+00 0.000000000000000000e+00
0.000000000000000000e+00 0.000000000000000000e+00
0.000000000000000000e+00 0.000000000000000000e+00
0.000000000000000000e+00 0.000000000000000000e+00
0.000000000000000000e+00 0.000000000000000000e+00
0.000000000000000000e+00 0.000000000000000000e+00
0.000000000000000000e+00 0.000000000000000000e+00
0.000000000000000000e+00 0.000000000000000000e+00
0.000000000000000000e+00 0.000000000000000000e+00
0.000000000000000000e+00 0.000000000000000000e+00
0.000000000000000000e+00 0.000000000000000000e+00
0.000000000000000000e+00 0.000000000000000000e+00
0.000000000000000000e+00 0.000000000000000000e+00
0.000000000000000000e+00 0.000000000000000000e+00
0.000000000000000000e+00 0.000000000000000000e+00
0.000000000000000000e+00 0.000000000000000000e+00
0.000000000000000000e+00 0.000000000000000000e+00
0.000000000000000000e+00 0.000000000000000000e+00
0.000000000000000000e+00 0.000000000000000000e+00
0.000000000000000000e+00 0.000000000000000000e+00
0.000000000000000000e+00 0.000000000000000000e+00
0.000000000000000000e+00 0.000000000000000000e+00
0.000000000000000000e+00 0.000000000000000000e+00
0.000000000000000000e+00 0.000000000000000000e+00
0.000000000000000000e+00 0.000000000000000000e+00
0.000000000000000000e+00 0.000000000000000000e+00
0.000000000000000000e+00 0.000000000000000000e+00
0.000000000000000000e+00 0.000000000000000000e+00
0.000000000000000000e+00 0.000000000000000000e+00
0.000000000000000000e+00 0.000000000000000000e+00
0.000000000000000000e+00 0.000000000000000000e+00
0.000000000000000000e+00 0.000000000000000000e+00
0.000000000000000000e+00 0.000000000000000000e+00
0.000000000000000000e+00 0.000000000000000000e+00
0.000000000000000000e+00 0.000000000000000000e+00
0.000000000000000000e+00 0.000000000000000000e+00
0.000000000000000000e+00 0.000000000000000000e+00
0.000000000000000000e+00 0.000000000000000000e+00
0.000000000000000000e+00 0.000000000000000000e+00
0.000000000000000000e+00 0.000000000000000000e+00
0.000000000000000000e+00 0.000000000000000000e+00
0.000000000000000000e+00 0.000000000000000000e+00
0.000000000000000000e+00 0.000000000000000000e+00
0.000000000000000000e+00 0.000000000000000000e+00
0.000000000000000000e+00 0.000000000000000000e+00
0.000000000000000000e+00 0.000000000000000000e+00
0.000000000000000000e+00 0.000000000000000000e+00
0.000000000000000000e+00 0.000000000000000000e+00
0.000000000000000000e+00 0.000000000000000000e+00
0.000000000000000000e+00 0.000000000000000000e+00
0.000000000000000000e+00 0.000000000000000000e+00
0.000000000000000000e+00 0.000000000000000000e+00
0.000000000000000000e+00 0.000000000000000000e+00
0.000000000000000000e+00 0.000000000000000000e+00
0.000000000000000000e+00 0.000000000000000000e+00
0.000000000000000000e+00 0.000000000000000000e+00
0.000000000000000000e+00 0.000000000000000000e+00
0.000000000000000000e+00 0.000000000000000000e+00
0.000000000000000000e+00 0.000000000000000000e+00
0.000000000000000000e+00 0.000000000000000000e+00
0.000000000000000000e+00 0.000000000000000000e+00
0.000000000000000000e+00 0.000000000000000000e+00
0.000000000000000000e+00 0.000000000000000000e+00
0.000000000000000000e+00 0.000000000000000000e+00
0.000000000000000000e+00 0.000000000000000000e+00
0.000000000000000000e+00 0.000000000000000000e+00
0.000000000000000000e+00 0.000000000000000000e+00
0.000000000000000000e+00 0.000000000000000000e+00
0.000000000000000000e+00 0.000000000000000000e+00
0.000000000000000000e+00 0.000000000000000000e+00
0.000000000000000000e+00 0.000000000000000000e+00
0.000000000000000000e+00 0.000000000000000000e+00
0.000000000000000000e+00 0.000000000000000000e+00
0.000000000000000000e+00 0.000000000000000000e+00
0.000000000000000000e+00 0.000000000000000000e+00
0.000000000000000000e+00 0.000000000000000000e+00
0.000000000000000000e+00 0.000000000000000000e+00
0.000000000000000000e+00 0.000000000000000000e+00
0.000000000000000000e+00 0.000000000000000000e+00
0.000000000000000000e+00 0.000000000000000000e+00
0.000000000000000000e+00 0.000000000000000000e+00
0.000000000000000000e+00 0.000000000000000000e+00
0.000000000000000000e+00 0.000000000000000000e+00
0.000000000000000000e+00 0.000000000000000000e+00
0.000000000000000000e+00 0.000000000000000000e+00
0.000000000000000000e+00 0.000000000000000000e+00
0.000000000000000000e+00 0.000000000000000000e+00
0.000000000000000000e+00 0.000000000000000000e+00
0.000000000000000000e+00 0.000000000000000000e+00
0.000000000000000000e+00 0.000000000000000000e+00
0.000000000000000000e+00 0.000000000000000000e+00
0.000000000000000000e+00 0.000000000000000000e+00
0.000000000000000000e+00 0.000000000000000000e+00
0.000000000000000000e+00 0.000000000000000000e+00
0.000000000000000000e+00 0.000000000000000000e+00
0.000000000000000000e+00 0.000000000000000000e+00
0.000000000000000000e+00 0.000000000000000000e+00
0.000000000000000000e+00 0.000000000000000000e+00
0.000000000000000000e+00 0.000000000000000000e+00
0.000000000000000000e+00 0.000000000000000000e+00
0.000000000000000000e+00 0.000000000000000000e+00
0.000000000000000000e+00 0.000000000000000000e+00
0.000000000000000000e+00 0.000000000000000000e+00
0.000000000000000000e+00 0.000000000000000000e+00
0.000000000000000000e+00 0.000000000000000000e+00
0.000000000000000000e+00 0.000000000000000000e+00
0.000000000000000000e+00 0.000000000000000000e+00
0.000000000000000000e+00 0.000000000000000000e+00
0.000000000000000000e+00 0.000000000000000000e+00
0.000000000000000000e+00 0.000000000000000000e+00
0.000000000000000000e+00 0.000000000000000000e+00
0.000000000000000000e+00 0.000000000000000000e+00
0.000000000000000000e+00 0.000000000000000000e+00
0.000000000000000000e+00 0.000000000000000000e+00
0.000000000000000000e+00 0.000000000000000000e+00
0.000000000000000000e+00 0.000000000000000000e+00
0.000000000000000000e+00 0.000000000000000000e+00
0.000000000000000000e+00 0.000000000000000000e+00
0.000000000000000000e+00 0.000000000000000000e+00
0.000000000000000000e+00 0.000000000000000000e+00
0.000000000000000000e+00 0.000000000000000000e+00
0.000000000000000000e+00 0.000000000000000000e+00
0.000000000000000000e+00 0.000000000000000000e+00
0.000000000000000000e+00 0.000000000000000000e+00
0.000000000000000000e+00 0.000000000000000000e+00
0.000000000000000000e+00 0.000000000000000000e+00
0.000000000000000000e+00 0.000000000000000000e+00
0.000000000000000000e+00 0.000000000000000000e+00
0.000000000000000000e+00 0.000000000000000000e+00
0.000000000000000000e+00 0.000000000000000000e+00
0.000000000000000000e+00 0.000000000000000000e+00
0.000000000000000000e+00 0.000000000000000000e+00
0.000000000000000000e+00 0.000000000000000000e+00
0.000000000000000000e+00 0.000000000000000000e+00
0.000000000000000000e+00 0.000000000000000000e+00
0.000000000000000000e+00 0.000000000000000000e+00
0.000000000000000000e+00 0.000000000000000000e+00
0.000000000000000000e+00 0.000000000000000000e+00
0.000000000000000000e+00 0.000000000000000000e+00
0.000000000000000000e+00 0.000000000000000000e+00
0.000000000000000000e+00 0.000000000000000000e+00
0.000000000000000000e+00 0.000000000000000000e+00
0.000000000000000000e+00 0.000000000000000000e+00
0.000000000000000000e+00 0.000000000000000000e+00
0.000000000000000000e+00 0.000000000000000000e+00
0.000000000000000000e+00 0.000000000000000000e+00
0.000000000000000000e+00 0.000000000000000000e+00
0.000000000000000000e+00 0.000000000000000000e+00
0.000000000000000000e+00 0.000000000000000000e+00
0.000000000000000000e+00 0.000000000000000000e+00
0.000000000000000000e+00 0.000000000000000000e+00
0.000000000000000000e+00 0.000000000000000000e+00
0.000000000000000000e+00 0.000000000000000000e+00
0.000000000000000000e+00 0.000000000000000000e+00
0.000000000000000000e+00 0.000000000000000000e+00
0.000000000000000000e+00 0.000000000000000000e+00
0.000000000000000000e+00 0.000000000000000000e+00
0.000000000000000000e+00 0.000000000000000000e+00
0.000000000000000000e+00 0.000000000000000000e+00
0.000000000000000000e+00 0.000000000000000000e+00
0.000000000000000000e+00 0.000000000000000000e+00
0.000000000000000000e+00 0.000000000000000000e+00
0.000000000000000000e+00 0.000000000000000000e+00
0.000000000000000000e+00 0.000000000000000000e+00
0.000000000000000000e+00 0.000000000000000000e+00
0.000000000000000000e+00 0.000000000000000000e+00
0.000000000000000000e+00 0.000000000000000000e+00
0.000000000000000000e+00 0.000000000000000000e+00
0.000000000000000000e+00 0.000000000000000000e+00
0.000000000000000000e+00 0.000000000000000000e+00
0.000000000000000000e+00 0.000000000000000000e+00
0.000000000000000000e+00 0.000000000000000000e+00
0.000000000000000000e+00 0.000000000000000000e+00
0.000000000000000000e+00 0.000000000000000000e+00
0.000000000000000000e+00 0.000000000000000000e+00
0.000000000000000000e+00 0.000000000000000000e+00
0.000000000000000000e+00 0.000000000000000000e+00
0.000000000000000000e+00 0.000000000000000000e+00
0.000000000000000000e+00 0.000000000000000000e+00
0.000000000000000000e+00 0.000000000000000000e+00
0.000000000000000000e+00 0.000000000000000000e+00
0.000000000000000000e+00 0.000000000000000000e+00
0.000000000000000000e+00 0.000000000000000000e+00
0.000000000000000000e+00 0.000000000000000000e+00
0.000000000000000000e+00 0.000000000000000000e+00
0.000000000000000000e+00 0.000000000000000000e+00
0.000000000000000000e+00 0.000000000000000000e+00
0.000000000000000000e+00 0.000000000000000000e+00
0.000000000000000000e+00 0.000000000000000000e+00
0.000000000000000000e+00 0.000000000000000000e+00
0.000000000000000000e+00 0.000000000000000000e+00
0.000000000000000000e+00 0.000000000000000000e+00
0.000000000000000000e+00 0.000000000000000000e+00
0.000000000000000000e+00 0.000000000000000000e+00
0.000000000000000000e+00 0.000000000000000000e+00
0.000000000000000000e+00 0.000000000000000000e+00
0.000000000000000000e+00 0.000000000000000000e+00
0.000000000000000000e+00 0.000000000000000000e+00
0.000000000000000000e+00 0.000000000000000000e+00
0.000000000000000000e+00 0.000000000000000000e+00
0.000000000000000000e+00 0.000000000000000000e+00
0.000000000000000000e+00 0.000000000000000000e+00
0.000000000000000000e+00 0.000000000000000000e+00
0.000000000000000000e+00 0.000000000000000000e+00
0.000000000000000000e+00 0.000000000000000000e+00
0.000000000000000000e+00 0.000000000000000000e+00
0.000000000000000000e+00 0.000000000000000000e+00
0.000000000000000000e+00 0.000000000000000000e+00
0.000000000000000000e+00 0.000000000000000000e+00
0.000000000000000000e+00 0.000000000000000000e+00
0.000000000000000000e+00 0.000000000000000000e+00
0.000000000000000000e+00 0.000000000000000000e+00
0.000000000000000000e+00 0.000000000000000000e+00
0.000000000000000000e+00 0.000000000000000000e+00
0.000000000000000000e+00 0.000000000000000000e+00
0.000000000000000000e+00 0.000000000000000000e+00
0.000000000000000000e+00 0.000000000000000000e+00
0.000000000000000000e+00 0.000000000000000000e+00
0.000000000000000000e+00 0.000000000000000000e+00
0.000000000000000000e+00 0.000000000000000000e+00
0.000000000000000000e+00 0.000000000000000000e+00
0.000000000000000000e+00 0.000000000000000000e+00
0.000000000000000000e+00 0.000000000000000000e+00
0.000000000000000000e+00 0.000000000000000000e+00
0.000000000000000000e+00 0.000000000000000000e+00
0.000000000000000000e+00 0.000000000000000000e+00
0.000000000000000000e+00 0.000000000000000000e+00
0.000000000000000000e+00 0.000000000000000000e+00
0.000000000000000000e+00 0.000000000000000000e+00
0.000000000000000000e+00 0.000000000000000000e+00
0.000000000000000000e+00 0.000000000000000000e+00
0.000000000000000000e+00 0.000000000000000000e+00
0.000000000000000000e+00 0.000000000000000000e+00
0.000000000000000000e+00 0.000000000000000000e+00
0.000000000000000000e+00 0.000000000000000000e+00
0.000000000000000000e+00 0.000000000000000000e+00
0.000000000000000000e+00 0.000000000000000000e+00
0.000000000000000000e+00 0.000000000000000000e+00
0.000000000000000000e+00 0.000000000000000000e+00
0.000000000000000000e+00 0.000000000000000000e+00
0.000000000000000000e+00 0.000000000000000000e+00
0.000000000000000000e+00 0.000000000000000000e+00
0.000000000000000000e+00 0.000000000000000000e+00
0.000000000000000000e+00 0.000000000000000000e+00
0.000000000000000000e+00 0.000000000000000000e+00
0.000000000000000000e+00 0.000000000000000000e+00
0.000000000000000000e+00 0.000000000000000000e+00
0.000000000000000000e+00 0.000000000000000000e+00
0.000000000000000000e+00 0.000000000000000000e+00
0.000000000000000000e+00 0.000000000000000000e+00
0.000000000000000000e+00 0.000000000000000000e+00
0.000000000000000000e+00 0.000000000000000000e+00
0.000000000000000000e+00 0.000000000000000000e+00
0.000000000000000000e+00 0.000000000000000000e+00
0.000000000000000000e+00 0.000000000000000000e+00
0.000000000000000000e+00 0.000000000000000000e+00
0.000000000000000000e+00 0.000000000000000000e+00
0.000000000000000000e+00 0.000000000000000000e+00
0.000000000000000000e+00 0.000000000000000000e+00
0.000000000000000000e+00 0.000000000000000000e+00
0.000000000000000000e+00 0.000000000000000000e+00
0.000000000000000000e+00 0.000000000000000000e+00
0.000000000000000000e+00 0.000000000000000000e+00
0.000000000000000000e+00 0.000000000000000000e+00
0.000000000000000000e+00 0.000000000000000000e+00
0.000000000000000000e+00 0.000000000000000000e+00
0.000000000000000000e+00 0.000000000000000000e+00
0.000000000000000000e+00 0.000000000000000000e+00
0.000000000000000000e+00 0.000000000000000000e+00
0.000000000000000000e+00 0.000000000000000000e+00
0.000000000000000000e+00 0.000000000000000000e+00
0.000000000000000000e+00 0.000000000000000000e+00
0.000000000000000000e+00 0.000000000000000000e+00
0.000000000000000000e+00 0.000000000000000000e+00
0.000000000000000000e+00 0.000000000000000000e+00
0.000000000000000000e+00 0.000000000000000000e+00
0.000000000000000000e+00 0.000000000000000000e+00
0.000000000000000000e+00 0.000000000000000000e+00
0.000000000000000000e+00 0.000000000000000000e+00
0.000000000000000000e+00 0.000000000000000000e+00
0.000000000000000000e+00 0.000000000000000000e+00
0.000000000000000000e+00 0.000000000000000000e+00
0.000000000000000000e+00 0.000000000000000000e+00
0.000000000000000000e+00 0.000000000000000000e+00
0.000000000000000000e+00 0.000000000000000000e+00
0.000000000000000000e+00 0.000000000000000000e+00
0.000000000000000000e+00 0.000000000000000000e+00
0.000000000000000000e+00 0.000000000000000000e+00
0.000000000000000000e+00 0.000000000000000000e+00
0.000000000000000000e+00 0.000000000000000000e+00
0.000000000000000000e+00 0.000000000000000000e+00
0.000000000000000000e+00 0.000000000000000000e+00
0.000000000000000000e+00 0.000000000000000000e+00
0.000000000000000000e+00 0.000000000000000000e+00
0.000000000000000000e+00 0.000000000000000000e+00
0.000000000000000000e+00 0.000000000000000000e+00
0.000000000000000000e+00 0.000000000000000000e+00
0.000000000000000000e+00 0.000000000000000000e+00
0.000000000000000000e+00 0.000000000000000000e+00
0.000000000000000000e+00 0.000000000000000000e+00
0.000000000000000000e+00 0.000000000000000000e+00
0.000000000000000000e+00 0.000000000000000000e+00
0.000000000000000000e+00 0.000000000000000000e+00
0.000000000000000000e+00 0.000000000000000000e+00
0.000000000000000000e+00 0.000000000000000000e+00
0.000000000000000000e+00 0.000000000000000000e+00
0.000000000000000000e+00 0.000000000000000000e+00
0.000000000000000000e+00 0.000000000000000000e+00
0.000000000000000000e+00 0.000000000000000000e+00
0.000000000000000000e+00 0.000000000000000000e+00
0.000000000000000000e+00 0.000000000000000000e+00
0.000000000000000000e+00 0.000000000000000000e+00
0.000000000000000000e+00 0.000000000000000000e+00
0.000000000000000000e+00 0.000000000000000000e+00
0.000000000000000000e+00 0.000000000000000000e+00
0.000000000000000000e+00 0.000000000000000000e+00
0.000000000000000000e+00 0.000000000000000000e+00
0.000000000000000000e+00 0.000000000000000000e+00
0.000000000000000000e+00 0.000000000000000000e+00
0.000000000000000000e+00 0.000000000000000000e+00
0.000000000000000000e+00 0.000000000000000000e+00
0.000000000000000000e+00 0.000000000000000000e+00
0.000000000000000000e+00 0.000000000000000000e+00
0.000000000000000000e+00 0.000000000000000000e+00
0.000000000000000000e+00 0.000000000000000000e+00
0.000000000000000000e+00 0.000000000000000000e+00
0.000000000000000000e+00 0.000000000000000000e+00
0.000000000000000000e+00 0.000000000000000000e+00
0.000000000000000000e+00 0.000000000000000000e+00
0.000000000000000000e+00 0.000000000000000000e+00
0.000000000000000000e+00 0.000000000000000000e+00
0.000000000000000000e+00 0.000000000000000000e+00
0.000000000000000000e+00 0.000000000000000000e+00
0.000000000000000000e+00 0.000000000000000000e+00
0.000000000000000000e+00 0.000000000000000000e+00
0.000000000000000000e+00 0.000000000000000000e+00
0.000000000000000000e+00 0.000000000000000000e+00
0.000000000000000000e+00 0.000000000000000000e+00
0.000000000000000000e+00 0.000000000000000000e+00
0.000000000000000000e+00 0.000000000000000000e+00
0.000000000000000000e+00 0.000000000000000000e+00
0.000000000000000000e+00 0.000000000000000000e+00
0.000000000000000000e+00 0.000000000000000000e+00
0.000000000000000000e+00 0.000000000000000000e+00
0.000000000000000000e+00 0.000000000000000000e+00
0.000000000000000000e+00 0.000000000000000000e+00
0.000000000000000000e+00 0.000000000000000000e+00
0.000000000000000000e+00 0.000000000000000000e+00
0.000000000000000000e+00 0.000000000000000000e+00
0.000000000000000000e+00 0.000000000000000000e+00
0.000000000000000000e+00 0.000000000000000000e+00
0.000000000000000000e+00 0.000000000000000000e+00
0.000000000000000000e+00 0.000000000000000000e+00
0.000000000000000000e+00 0.000000000000000000e+00
0.000000000000000000e+00 0.000000000000000000e+00
0.000000000000000000e+00 0.000000000000000000e+00
0.000000000000000000e+00 0.000000000000000000e+00
0.000000000000000000e+00 0.000000000000000000e+00
0.000000000000000000e+00 0.000000000000000000e+00
0.000000000000000000e+00 0.000000000000000000e+00
0.000000000000000000e+00 0.000000000000000000e+00
0.000000000000000000e+00 0.000000000000000000e+00
0.000000000000000000e+00 0.000000000000000000e+00
0.000000000000000000e+00 0.000000000000000000e+00
0.000000000000000000e+00 0.000000000000000000e+00
0.000000000000000000e+00 0.000000000000000000e+00
0.000000000000000000e+00 0.000000000000000000e+00
0.000000000000000000e+00 0.000000000000000000e+00
0.000000000000000000e+00 0.000000000000000000e+00
0.000000000000000000e+00 0.000000000000000000e+00
0.000000000000000000e+00 0.000000000000000000e+00
0.000000000000000000e+00 0.000000000000000000e+00
0.000000000000000000e+00 0.000000000000000000e+00
0.000000000000000000e+00 0.000000000000000000e+00
0.000000000000000000e+00 0.000000000000000000e+00
