5.027586026438350952e-01 6.216216087341308594e-01
5.241379152084219006e-01 5.495495796203613281e-01
4.862068778481976605e-01 5.630630850791931152e-01
5.213792961219261279e-01 6.171171665191650391e-01
5.165517001316465295e-01 5.675675868988037109e-01
5.193103233288074438e-01 5.360360741615295410e-01
5.227586030960083008e-01 5.495495796203613281e-01
5.075861873297855542e-01 5.495495796203613281e-01
5.241379141807556152e-01 5.450450778007507324e-01
5.262068797802103015e-01 5.945945978164672852e-01
5.213792889282621301e-01 5.585585832595825195e-01
5.158620486999380139e-01 5.540540814399719238e-01
