8.207454450970346205e-01 9.561997652053833008e-01
5.314166134143281099e-316 5.314166134143281099e-316
2.121995790471206669e-314 1.120431124804478552e+219
2.608666610041781753e-321 2.371515100037983412e-322
3.918284441210590603e-316 6.917419218579763648e-310
0.000000000000000000e+00 0.000000000000000000e+00
2.845818120045580094e-321 2.371515100037983412e-322
3.918048870710653497e-316 4.446590812571218898e-323
2.121995790471206669e-314 1.120431124804478552e+219
4.268727180068370142e-321 5.533535233421961295e-322
3.918292346260924063e-316 0.000000000000000000e+00
0.000000000000000000e+00 8.487983164355154906e-314
0.000000000000000000e+00 0.000000000000000000e+00
6.917419218579763648e-310 0.000000000000000000e+00
0.000000000000000000e+00 8.487983164355154906e-314
0.000000000000000000e+00 0.000000000000000000e+00
4.822080703410566271e-321 5.533535233421961295e-322
3.918313689896824405e-316 0.000000000000000000e+00
0.000000000000000000e+00 0.000000000000000000e+00
0.000000000000000000e+00 4.940656458412465442e-324
6.917419218579763648e-310 0.000000000000000000e+00
0.000000000000000000e+00 0.000000000000000000e+00
0.000000000000000000e+00 4.940656458412465442e-324
3.918293136765957409e-316 1.585950723150401407e-321
3.918195114141822506e-316 3.918153217375055168e-316
6.917419235283135002e-310 nan
2.371515100037983412e-322 3.162020133383977883e-322
3.918406969490759232e-316 0.000000000000000000e+00
0.000000000000000000e+00 0.000000000000000000e+00
0.000000000000000000e+00 0.000000000000000000e+00
3.918304994341457599e-316 1.032597199808205277e-321
3.918216457777722847e-316 3.918323966462257903e-316
1.185757550018991706e-321 2.371515100037983412e-322
2.371515100037983412e-322 2.371515100037983412e-322
3.918253611514290109e-316 0.000000000000000000e+00
6.917419235283135002e-310 4.940656458412465442e-324
0.000000000000000000e+00 1.630416631276113596e-322
3.917552433549712212e-316 3.918200647677055928e-316
6.324040266767955765e-322 2.371515100037983412e-322
3.918401435955525810e-316 4.940656458412465442e-324
3.083240773275816112e-316 6.917388724908971214e-310
4.940656458412465442e-324 1.630416631276113596e-322
3.918200647677055928e-316 3.918381673329692160e-316
6.956444293444751342e-321 5.533535233421961295e-322
0.000000000000000000e+00 0.000000000000000000e+00
0.000000000000000000e+00 0.000000000000000000e+00
0.000000000000000000e+00 1.489032087218933420e-314
6.917419218579763648e-310 0.000000000000000000e+00
0.000000000000000000e+00 0.000000000000000000e+00
0.000000000000000000e+00 3.918299510212788761e-316
0.000000000000000000e+00 9.095748539937348878e-321
3.918200647677055928e-316 6.917430782606357987e-310
0.000000000000000000e+00 0.000000000000000000e+00
0.000000000000000000e+00 0.000000000000000000e+00
0.000000000000000000e+00 0.000000000000000000e+00
0.000000000000000000e+00 0.000000000000000000e+00
0.000000000000000000e+00 8.621445519929752196e-321
3.918297879796157485e-316 3.918153217375055168e-316
0.000000000000000000e+00 0.000000000000000000e+00
1.581010066691988941e-322 7.163951864698074891e-322
3.918340567067958169e-316 6.917430782606357987e-310
1.581010066691988941e-322 2.371515100037983412e-322
3.918323966462257903e-316 0.000000000000000000e+00
0.000000000000000000e+00 0.000000000000000000e+00
3.918274955150190451e-316 3.211426697968102537e-322
3.918200647677055928e-316 3.918153217375055168e-316
3.918322385452191211e-316 1.630416631276113596e-322
3.918326337977357941e-316 3.918348472118291628e-316
9.486060400151933648e-322 2.371515100037983412e-322
3.918335824037758093e-316 2.473663765194436145e-316
2.121995790965272315e-314 4.915911041251493894e+290
1.185757550018991706e-321 2.371515100037983412e-322
3.918338195552858131e-316 2.472962587229858247e-316
4.243991582424610276e-314 3.599747761258833988e-245
1.422909060022790047e-321 2.371515100037983412e-322
0.000000000000000000e+00 2.473691432870603254e-316
2.121995790965272315e-314 -5.278842830882599412e+306
1.581010066691988941e-322 6.328980923226368231e-321
3.918303413331390907e-316 6.917430782606357987e-310
0.000000000000000000e+00 0.000000000000000000e+00
3.918330290502524671e-316 6.917430782606357987e-310
3.162020133383977883e-322 2.371515100037983412e-322
3.918327918987424633e-316 0.000000000000000000e+00
0.000000000000000000e+00 0.000000000000000000e+00
0.000000000000000000e+00 5.775627399884172101e-321
3.918303413331390907e-316 6.917430782606357987e-310
0.000000000000000000e+00 0.000000000000000000e+00
3.918264678584756953e-316 3.087910286507790901e-321
3.918153217375055168e-316 3.918169817980755434e-316
0.000000000000000000e+00 3.211426697968102537e-322
3.918312108886757713e-316 3.918381673329692160e-316
1.581010066691988941e-322 1.581010066691988941e-322
3.918381673329692160e-316 6.917430782606357987e-310
4.743030200075966824e-322 2.371515100037983412e-322
3.918172980000888818e-316 4.940656458412465442e-323
2.121995790471206669e-314 8.828705310734761838e+199
8.556842003244412800e+16 2.376455756496395877e-321
6.917430782629282633e-310 6.917430782629282633e-310
6.917431399585655201e-310 4.940656458412465442e-324
0.000000000000000000e+00 0.000000000000000000e+00
0.000000000000000000e+00 0.000000000000000000e+00
