5.758620490287912341e-01 6.396396756172180176e-01
6.386206766654705103e-01 7.432432174682617188e-01
7.006896467044435584e-01 6.801801919937133789e-01
7.068965332261447632e-01 7.477477192878723145e-01
7.282758457907314575e-01 7.792792916297912598e-01
7.579310125318067248e-01 7.612612247467041016e-01
7.903448137743719348e-01 7.927928566932678223e-01
8.158620493165378296e-01 8.198198080062866211e-01
8.131034292023757715e-01 8.198198080062866211e-01
8.289654994833057788e-01 8.378378152847290039e-01
8.365517155877475464e-01 8.288288116455078125e-01
