1.599999964237213135e-01 1.891891956329345703e-01
9.999999403953552246e-02 8.108108490705490112e-02
1.400000005960464478e-01 9.459459781646728516e-02
9.999999403953552246e-02 9.459459781646728516e-02
1.599999964237213135e-01 9.459459781646728516e-02
9.999999403953552246e-02 9.459459781646728516e-02
1.199999898672103882e-01 9.459459036588668823e-02
5.999999865889549255e-02 9.459460526704788208e-02
9.999999403953552246e-02 9.459459781646728516e-02
9.999999403953552246e-02 9.459459036588668823e-02
9.999999403953552246e-02 9.459459781646728516e-02
1.999999880790710449e-01 9.459459781646728516e-02
1.199999973177909851e-01 9.459459781646728516e-02
5.999999865889549255e-02 9.459459781646728516e-02
1.799999922513961792e-01 9.459459781646728516e-02
7.999999821186065674e-02 9.459459781646728516e-02
1.399999856948852539e-01 9.459459036588668823e-02
1.199999973177909851e-01 9.459459781646728516e-02
9.999999403953552246e-02 9.459459781646728516e-02
1.400000005960464478e-01 9.459459781646728516e-02
1.199999973177909851e-01 9.459459781646728516e-02
1.400000005960464478e-01 9.459459036588668823e-02
7.999999821186065674e-02 9.459459781646728516e-02
1.400000005960464478e-01 9.459459781646728516e-02
1.799999922513961792e-01 9.459459781646728516e-02
1.400000005960464478e-01 9.459459781646728516e-02
1.199999973177909851e-01 9.459459781646728516e-02
1.399999856948852539e-01 9.459459781646728516e-02
1.799999922513961792e-01 9.459459781646728516e-02
9.999999403953552246e-02 9.459459781646728516e-02
7.999999821186065674e-02 9.459459781646728516e-02
1.400000005960464478e-01 9.459459036588668823e-02
9.999999403953552246e-02 9.459459781646728516e-02
9.999999403953552246e-02 1.081081181764602661e-01
2.199999839067459106e-01 1.081081181764602661e-01
1.799999922513961792e-01 9.909909963607788086e-02
1.599999964237213135e-01 9.909909963607788086e-02
1.799999773502349854e-01 1.081081107258796692e-01
1.599999964237213135e-01 1.081081181764602661e-01
1.199999973177909851e-01 1.081081181764602661e-01
1.400000005960464478e-01 1.081081181764602661e-01
7.999999821186065674e-02 1.081081107258796692e-01
9.999999403953552246e-02 1.081081107258796692e-01
1.599999964237213135e-01 1.171171292662620544e-01
1.400000005960464478e-01 1.081081181764602661e-01
1.799999922513961792e-01 1.216216236352920532e-01
1.199999973177909851e-01 1.126126199960708618e-01
2.399999797344207764e-01 1.036036014556884766e-01
7.999999821186065674e-02 1.081081107258796692e-01
1.799999922513961792e-01 1.216216236352920532e-01
7.999999821186065674e-02 1.216216385364532471e-01
1.399999856948852539e-01 1.261261403560638428e-01
5.999999865889549255e-02 1.261261254549026489e-01
2.399999946355819702e-01 1.306306421756744385e-01
1.599999964237213135e-01 1.306306421756744385e-01
9.999999403953552246e-02 1.216216310858726501e-01
3.999999910593032837e-02 1.216216385364532471e-01
1.599999964237213135e-01 1.171171143651008606e-01
5.999999865889549255e-02 1.306306421756744385e-01
1.599999964237213135e-01 1.171171218156814575e-01
1.599999964237213135e-01 1.306306421756744385e-01
1.599999964237213135e-01 1.306306421756744385e-01
2.199999988079071045e-01 1.126126199960708618e-01
2.199999839067459106e-01 1.261261403560638428e-01
1.999999880790710449e-01 1.126126125454902649e-01
1.999999880790710449e-01 1.306306272745132446e-01
9.999999403953552246e-02 1.081081107258796692e-01
1.799999922513961792e-01 1.306306272745132446e-01
1.199999973177909851e-01 1.216216310858726501e-01
1.799999922513961792e-01 1.261261254549026489e-01
1.999999955296516418e-02 1.261261254549026489e-01
9.999999403953552246e-02 1.261261254549026489e-01
1.599999964237213135e-01 1.261261403560638428e-01
5.999999865889549255e-02 1.261261403560638428e-01
1.199999973177909851e-01 1.351351290941238403e-01
9.999999403953552246e-02 1.351351439952850342e-01
1.599999964237213135e-01 1.351351439952850342e-01
1.999999955296516418e-02 1.306306421756744385e-01
9.999999403953552246e-02 1.441441476345062256e-01
1.199999973177909851e-01 1.621621698141098022e-01
7.999999821186065674e-02 1.126126199960708618e-01
1.599999964237213135e-01 1.306306272745132446e-01
1.400000005960464478e-01 1.441441625356674194e-01
1.999999880790710449e-01 1.486486494541168213e-01
9.999999403953552246e-02 1.441441476345062256e-01
7.999999821186065674e-02 1.396396309137344360e-01
2.199999988079071045e-01 1.351351439952850342e-01
1.400000005960464478e-01 1.441441476345062256e-01
1.199999973177909851e-01 1.666666716337203979e-01
1.199999973177909851e-01 1.486486643552780151e-01
2.199999988079071045e-01 1.666666865348815918e-01
1.599999964237213135e-01 1.576576679944992065e-01
1.400000005960464478e-01 1.486486494541168213e-01
7.999999821186065674e-02 1.576576679944992065e-01
1.199999973177909851e-01 1.621621549129486084e-01
7.999999821186065674e-02 1.666666716337203979e-01
1.199999898672103882e-01 1.576576828956604004e-01
2.199999988079071045e-01 1.756756752729415894e-01
9.999999403953552246e-02 1.216216385364532471e-01
1.599999964237213135e-01 1.531531661748886108e-01
9.999999403953552246e-02 1.396396458148956299e-01
1.799999922513961792e-01 1.666666716337203979e-01
9.999999403953552246e-02 1.486486494541168213e-01
2.199999988079071045e-01 1.621621698141098022e-01
1.799999773502349854e-01 1.531531512737274170e-01
5.999999865889549255e-02 1.576576530933380127e-01
1.599999964237213135e-01 1.351351439952850342e-01
9.999999403953552246e-02 1.711711883544921875e-01
1.799999922513961792e-01 1.531531512737274170e-01
1.199999898672103882e-01 1.756756752729415894e-01
1.199999973177909851e-01 1.666666567325592041e-01
9.999999403953552246e-02 1.666666865348815918e-01
1.999999880790710449e-01 1.711711734533309937e-01
1.799999922513961792e-01 1.261261254549026489e-01
1.799999922513961792e-01 1.756756752729415894e-01
1.599999964237213135e-01 1.936936974525451660e-01
1.599999964237213135e-01 1.936937123537063599e-01
1.799999922513961792e-01 1.846846938133239746e-01
1.400000005960464478e-01 1.801801919937133789e-01
2.599999904632568359e-01 1.801802068948745728e-01
1.199999973177909851e-01 1.621621698141098022e-01
1.199999898672103882e-01 2.027027308940887451e-01
1.599999964237213135e-01 1.846846938133239746e-01
1.999999880790710449e-01 1.936936974525451660e-01
1.800000071525573730e-01 1.621621698141098022e-01
1.999999880790710449e-01 1.981981992721557617e-01
2.399999797344207764e-01 1.756756752729415894e-01
9.999999403953552246e-02 1.801801919937133789e-01
1.399999856948852539e-01 1.711711883544921875e-01
1.199999973177909851e-01 1.711711883544921875e-01
1.199999973177909851e-01 1.261261403560638428e-01
2.400000095367431641e-01 1.936936974525451660e-01
1.599999964237213135e-01 1.846846938133239746e-01
2.199999988079071045e-01 1.891891956329345703e-01
1.199999973177909851e-01 2.072072327136993408e-01
1.399999856948852539e-01 2.342342436313629150e-01
2.000000029802322388e-01 1.666666865348815918e-01
1.599999964237213135e-01 2.162162363529205322e-01
1.999999880790710449e-01 1.621621698141098022e-01
1.999999880790710449e-01 2.117117196321487427e-01
1.599999964237213135e-01 2.117117345333099365e-01
1.199999898672103882e-01 2.117117047309875488e-01
1.999999880790710449e-01 2.072072178125381470e-01
1.799999922513961792e-01 2.027027159929275513e-01
1.400000005960464478e-01 2.207207232713699341e-01
9.999999403953552246e-02 2.027027159929275513e-01
2.599999904632568359e-01 1.576576679944992065e-01
9.999999403953552246e-02 1.621621847152709961e-01
2.199999988079071045e-01 1.756756752729415894e-01
2.199999988079071045e-01 1.531531512737274170e-01
1.799999922513961792e-01 1.666666865348815918e-01
2.599999904632568359e-01 1.756756901741027832e-01
1.199999973177909851e-01 2.072072327136993408e-01
1.999999880790710449e-01 1.666666716337203979e-01
1.599999964237213135e-01 1.621621847152709961e-01
2.799999713897705078e-01 1.936936974525451660e-01
1.999999880790710449e-01 2.117117196321487427e-01
2.199999988079071045e-01 1.936937123537063599e-01
1.400000005960464478e-01 2.252252399921417236e-01
1.799999922513961792e-01 2.117117345333099365e-01
9.999999403953552246e-02 1.936937123537063599e-01
1.599999964237213135e-01 2.072072029113769531e-01
1.599999964237213135e-01 2.072072029113769531e-01
9.999999403953552246e-02 1.891891956329345703e-01
3.400000035762786865e-01 1.981982141733169556e-01
5.999999865889549255e-02 2.117117345333099365e-01
2.399999946355819702e-01 2.027027159929275513e-01
2.199999988079071045e-01 2.162162214517593384e-01
1.599999964237213135e-01 1.801801919937133789e-01
1.400000005960464478e-01 2.342342436313629150e-01
2.800000011920928955e-01 1.756757050752639771e-01
2.399999797344207764e-01 1.756756901741027832e-01
2.399999946355819702e-01 1.981981992721557617e-01
2.800000011920928955e-01 1.666666716337203979e-01
2.000000029802322388e-01 1.711711883544921875e-01
1.800000071525573730e-01 1.936936974525451660e-01
9.999999403953552246e-02 2.027027159929275513e-01
2.000000029802322388e-01 1.576576679944992065e-01
2.199999988079071045e-01 2.162162363529205322e-01
2.599999904632568359e-01 1.711711883544921875e-01
1.999999880790710449e-01 1.846846789121627808e-01
1.599999964237213135e-01 1.801801770925521851e-01
2.399999797344207764e-01 1.486486494541168213e-01
2.999999821186065674e-01 1.666666865348815918e-01
2.199999839067459106e-01 1.891892105340957642e-01
3.999999761581420898e-01 2.207207381725311279e-01
2.199999988079071045e-01 2.162162214517593384e-01
1.999999880790710449e-01 1.756756752729415894e-01
1.799999773502349854e-01 1.711711734533309937e-01
1.999999880790710449e-01 1.936936974525451660e-01
2.599999904632568359e-01 1.711711734533309937e-01
1.599999964237213135e-01 1.756756752729415894e-01
2.399999946355819702e-01 1.801802068948745728e-01
2.399999797344207764e-01 2.432432472705841064e-01
1.799999922513961792e-01 2.117117345333099365e-01
7.999999821186065674e-02 1.621621698141098022e-01
1.799999922513961792e-01 1.756756901741027832e-01
1.799999922513961792e-01 2.252252250909805298e-01
5.999999865889549255e-02 1.936937123537063599e-01
2.400000095367431641e-01 1.891891956329345703e-01
1.400000005960464478e-01 1.756756752729415894e-01
1.999999880790710449e-01 2.162162363529205322e-01
2.799999713897705078e-01 1.936936974525451660e-01
1.999999880790710449e-01 1.846846938133239746e-01
1.999999880790710449e-01 2.072072029113769531e-01
1.399999856948852539e-01 1.576576530933380127e-01
1.599999964237213135e-01 1.936936974525451660e-01
1.999999880790710449e-01 1.846846938133239746e-01
1.199999898672103882e-01 1.576576679944992065e-01
1.999999880790710449e-01 2.117117345333099365e-01
1.799999922513961792e-01 1.846846938133239746e-01
2.399999946355819702e-01 1.981982141733169556e-01
1.599999964237213135e-01 2.072072029113769531e-01
5.999999865889549255e-02 2.027027308940887451e-01
1.599999964237213135e-01 1.846846789121627808e-01
1.599999964237213135e-01 1.621621698141098022e-01
1.799999922513961792e-01 1.621621698141098022e-01
2.199999988079071045e-01 2.207207232713699341e-01
1.599999964237213135e-01 1.936936974525451660e-01
2.399999946355819702e-01 2.117117196321487427e-01
2.199999988079071045e-01 2.027027308940887451e-01
1.799999922513961792e-01 1.846846938133239746e-01
2.599999904632568359e-01 1.846847087144851685e-01
1.400000005960464478e-01 1.846846938133239746e-01
2.800000011920928955e-01 1.891891956329345703e-01
1.599999964237213135e-01 1.981982141733169556e-01
1.599999964237213135e-01 2.342342287302017212e-01
1.999999880790710449e-01 1.891892105340957642e-01
1.599999964237213135e-01 1.981981992721557617e-01
1.399999856948852539e-01 1.891891956329345703e-01
1.800000071525573730e-01 2.027027159929275513e-01
2.000000029802322388e-01 1.981981992721557617e-01
2.999999821186065674e-01 1.846846938133239746e-01
2.800000011920928955e-01 1.846846789121627808e-01
1.999999955296516418e-02 1.846846938133239746e-01
1.799999922513961792e-01 1.846846938133239746e-01
9.999999403953552246e-02 2.027027308940887451e-01
3.400000035762786865e-01 1.756756752729415894e-01
1.799999922513961792e-01 1.756756901741027832e-01
2.000000029802322388e-01 1.846846938133239746e-01
1.400000005960464478e-01 1.981981992721557617e-01
2.599999904632568359e-01 2.387387454509735107e-01
1.599999964237213135e-01 1.936936974525451660e-01
2.399999946355819702e-01 1.846847087144851685e-01
2.799999713897705078e-01 1.891891956329345703e-01
1.399999856948852539e-01 1.891891956329345703e-01
2.199999988079071045e-01 1.891891956329345703e-01
2.399999946355819702e-01 1.846846938133239746e-01
3.000000119209289551e-01 1.891891807317733765e-01
1.800000071525573730e-01 1.801801919937133789e-01
1.799999922513961792e-01 1.891892105340957642e-01
2.599999904632568359e-01 1.801801919937133789e-01
1.800000071525573730e-01 1.801801770925521851e-01
1.599999964237213135e-01 1.846846938133239746e-01
1.599999964237213135e-01 1.846846938133239746e-01
1.199999973177909851e-01 1.801801919937133789e-01
1.999999880790710449e-01 1.846846938133239746e-01
1.599999964237213135e-01 1.801802068948745728e-01
1.999999880790710449e-01 1.801801919937133789e-01
2.399999946355819702e-01 1.666666716337203979e-01
1.599999964237213135e-01 1.756756901741027832e-01
2.599999904632568359e-01 1.891891956329345703e-01
1.599999964237213135e-01 1.756756752729415894e-01
2.199999988079071045e-01 1.891892105340957642e-01
2.599999904632568359e-01 2.117117196321487427e-01
2.399999946355819702e-01 1.936936974525451660e-01
1.799999922513961792e-01 1.936937123537063599e-01
2.800000011920928955e-01 1.846846789121627808e-01
1.799999922513961792e-01 1.801801919937133789e-01
1.999999880790710449e-01 1.756756901741027832e-01
1.399999856948852539e-01 1.756756901741027832e-01
2.399999946355819702e-01 1.981982141733169556e-01
1.799999922513961792e-01 1.981981992721557617e-01
2.399999946355819702e-01 1.801801919937133789e-01
1.599999964237213135e-01 1.936937123537063599e-01
2.599999904632568359e-01 1.936937123537063599e-01
1.799999922513961792e-01 1.801801919937133789e-01
1.199999973177909851e-01 1.801801770925521851e-01
2.399999946355819702e-01 1.936937123537063599e-01
1.999999880790710449e-01 1.846847087144851685e-01
2.199999988079071045e-01 1.801801919937133789e-01
2.599999904632568359e-01 1.801802068948745728e-01
2.199999839067459106e-01 1.801801919937133789e-01
2.199999988079071045e-01 1.891891956329345703e-01
3.399999737739562988e-01 1.936936974525451660e-01
5.999999865889549255e-02 1.846846938133239746e-01
2.799999713897705078e-01 1.891891807317733765e-01
3.000000119209289551e-01 1.936936974525451660e-01
2.599999904632568359e-01 1.891891956329345703e-01
1.800000071525573730e-01 1.801801919937133789e-01
1.400000005960464478e-01 1.801801770925521851e-01
1.800000071525573730e-01 1.891891956329345703e-01
1.799999922513961792e-01 1.891891956329345703e-01
1.800000071525573730e-01 1.891891956329345703e-01
2.199999839067459106e-01 1.891891807317733765e-01
2.199999988079071045e-01 2.027027159929275513e-01
2.399999797344207764e-01 1.981981992721557617e-01
2.199999839067459106e-01 1.981982141733169556e-01
2.199999988079071045e-01 1.936936974525451660e-01
1.799999922513961792e-01 1.981982141733169556e-01
2.000000029802322388e-01 1.981982141733169556e-01
1.599999964237213135e-01 1.936936974525451660e-01
1.199999973177909851e-01 1.936937123537063599e-01
1.199999973177909851e-01 1.936936974525451660e-01
2.399999946355819702e-01 1.891891956329345703e-01
1.399999856948852539e-01 1.891891956329345703e-01
1.199999898672103882e-01 2.027027010917663574e-01
1.399999856948852539e-01 1.981981992721557617e-01
2.799999713897705078e-01 1.936936974525451660e-01
2.399999797344207764e-01 1.846846938133239746e-01
1.400000005960464478e-01 1.846846938133239746e-01
1.599999964237213135e-01 1.801801770925521851e-01
9.999999403953552246e-02 1.846846789121627808e-01
1.999999880790710449e-01 1.891891956329345703e-01
2.399999797344207764e-01 1.891891956329345703e-01
9.999999403953552246e-02 1.891891956329345703e-01
1.799999922513961792e-01 1.981981843709945679e-01
1.799999922513961792e-01 1.891891956329345703e-01
3.999999761581420898e-01 1.846846789121627808e-01
1.999999880790710449e-01 1.936936974525451660e-01
3.399999737739562988e-01 1.846846938133239746e-01
2.399999946355819702e-01 1.801802068948745728e-01
1.399999856948852539e-01 1.801801919937133789e-01
2.999999821186065674e-01 1.801801770925521851e-01
2.199999988079071045e-01 1.756756901741027832e-01
1.999999880790710449e-01 1.801801919937133789e-01
1.999999880790710449e-01 1.801801919937133789e-01
1.999999880790710449e-01 1.846846938133239746e-01
9.999999403953552246e-02 1.846846938133239746e-01
1.599999964237213135e-01 1.801801919937133789e-01
1.399999856948852539e-01 1.846846789121627808e-01
5.999999865889549255e-02 2.027027010917663574e-01
1.400000005960464478e-01 1.936937123537063599e-01
2.399999946355819702e-01 1.846846789121627808e-01
2.199999839067459106e-01 1.846846938133239746e-01
9.999999403953552246e-02 1.846846938133239746e-01
2.800000011920928955e-01 1.801801770925521851e-01
1.799999922513961792e-01 1.846846789121627808e-01
2.399999946355819702e-01 1.801801919937133789e-01
1.999999880790710449e-01 1.801801770925521851e-01
1.599999964237213135e-01 1.846846789121627808e-01
1.799999922513961792e-01 1.891891956329345703e-01
1.599999964237213135e-01 2.027027159929275513e-01
1.599999964237213135e-01 1.981982141733169556e-01
1.799999922513961792e-01 1.936936825513839722e-01
2.599999904632568359e-01 1.936936974525451660e-01
2.599999904632568359e-01 1.801801770925521851e-01
1.799999922513961792e-01 1.891891956329345703e-01
2.599999904632568359e-01 1.846846938133239746e-01
2.599999904632568359e-01 1.891891956329345703e-01
2.199999988079071045e-01 1.801801919937133789e-01
3.000000119209289551e-01 1.846846938133239746e-01
1.199999973177909851e-01 1.846847087144851685e-01
1.400000005960464478e-01 1.801801919937133789e-01
1.599999964237213135e-01 1.801801919937133789e-01
1.199999973177909851e-01 1.846846938133239746e-01
2.599999904632568359e-01 1.801801919937133789e-01
1.999999880790710449e-01 1.801801919937133789e-01
9.999999403953552246e-02 1.801801919937133789e-01
2.399999797344207764e-01 1.801801919937133789e-01
1.199999973177909851e-01 1.801801919937133789e-01
1.199999973177909851e-01 1.801801919937133789e-01
2.599999904632568359e-01 1.801801919937133789e-01
1.599999815225601196e-01 1.801801770925521851e-01
2.199999988079071045e-01 1.801801919937133789e-01
1.599999964237213135e-01 1.846846938133239746e-01
2.199999988079071045e-01 1.801801919937133789e-01
2.199999988079071045e-01 1.801801919937133789e-01
1.599999815225601196e-01 1.801801770925521851e-01
9.999999403953552246e-02 1.801801919937133789e-01
2.399999946355819702e-01 1.801801770925521851e-01
2.199999988079071045e-01 1.891892105340957642e-01
2.399999946355819702e-01 1.801801919937133789e-01
1.199999973177909851e-01 1.801801919937133789e-01
1.999999880790710449e-01 1.846846938133239746e-01
2.599999904632568359e-01 1.936936974525451660e-01
1.399999856948852539e-01 1.846846938133239746e-01
1.799999922513961792e-01 1.801801919937133789e-01
2.399999797344207764e-01 1.801801919937133789e-01
3.599999845027923584e-01 1.936936974525451660e-01
1.999999880790710449e-01 1.846846938133239746e-01
1.599999964237213135e-01 1.846846938133239746e-01
1.799999922513961792e-01 1.846846938133239746e-01
2.799999713897705078e-01 1.756756901741027832e-01
9.999999403953552246e-02 1.801801919937133789e-01
1.199999973177909851e-01 1.801801919937133789e-01
1.599999964237213135e-01 1.846846789121627808e-01
2.599999904632568359e-01 1.846846789121627808e-01
2.599999904632568359e-01 1.936936974525451660e-01
1.599999964237213135e-01 1.846846789121627808e-01
1.199999898672103882e-01 1.801801919937133789e-01
1.400000005960464478e-01 1.756756752729415894e-01
1.199999973177909851e-01 1.846846938133239746e-01
1.599999964237213135e-01 1.801801919937133789e-01
1.799999922513961792e-01 1.756756901741027832e-01
9.999999403953552246e-02 1.756756752729415894e-01
1.399999856948852539e-01 1.756756752729415894e-01
2.199999988079071045e-01 1.846846938133239746e-01
1.399999856948852539e-01 1.891892105340957642e-01
2.199999988079071045e-01 1.936936974525451660e-01
1.199999898672103882e-01 1.891891956329345703e-01
0.000000000000000000e+00 0.000000000000000000e+00
0.000000000000000000e+00 0.000000000000000000e+00
0.000000000000000000e+00 0.000000000000000000e+00
0.000000000000000000e+00 0.000000000000000000e+00
0.000000000000000000e+00 0.000000000000000000e+00
0.000000000000000000e+00 0.000000000000000000e+00
0.000000000000000000e+00 0.000000000000000000e+00
0.000000000000000000e+00 0.000000000000000000e+00
0.000000000000000000e+00 0.000000000000000000e+00
0.000000000000000000e+00 0.000000000000000000e+00
0.000000000000000000e+00 0.000000000000000000e+00
0.000000000000000000e+00 0.000000000000000000e+00
0.000000000000000000e+00 0.000000000000000000e+00
0.000000000000000000e+00 0.000000000000000000e+00
0.000000000000000000e+00 0.000000000000000000e+00
0.000000000000000000e+00 0.000000000000000000e+00
0.000000000000000000e+00 0.000000000000000000e+00
0.000000000000000000e+00 0.000000000000000000e+00
0.000000000000000000e+00 0.000000000000000000e+00
0.000000000000000000e+00 0.000000000000000000e+00
0.000000000000000000e+00 0.000000000000000000e+00
0.000000000000000000e+00 0.000000000000000000e+00
0.000000000000000000e+00 0.000000000000000000e+00
0.000000000000000000e+00 0.000000000000000000e+00
0.000000000000000000e+00 0.000000000000000000e+00
0.000000000000000000e+00 0.000000000000000000e+00
0.000000000000000000e+00 0.000000000000000000e+00
0.000000000000000000e+00 0.000000000000000000e+00
0.000000000000000000e+00 0.000000000000000000e+00
0.000000000000000000e+00 0.000000000000000000e+00
0.000000000000000000e+00 0.000000000000000000e+00
0.000000000000000000e+00 0.000000000000000000e+00
0.000000000000000000e+00 0.000000000000000000e+00
0.000000000000000000e+00 0.000000000000000000e+00
0.000000000000000000e+00 0.000000000000000000e+00
0.000000000000000000e+00 0.000000000000000000e+00
0.000000000000000000e+00 0.000000000000000000e+00
0.000000000000000000e+00 0.000000000000000000e+00
0.000000000000000000e+00 0.000000000000000000e+00
0.000000000000000000e+00 0.000000000000000000e+00
0.000000000000000000e+00 0.000000000000000000e+00
0.000000000000000000e+00 0.000000000000000000e+00
0.000000000000000000e+00 0.000000000000000000e+00
0.000000000000000000e+00 0.000000000000000000e+00
0.000000000000000000e+00 0.000000000000000000e+00
0.000000000000000000e+00 0.000000000000000000e+00
0.000000000000000000e+00 0.000000000000000000e+00
0.000000000000000000e+00 0.000000000000000000e+00
0.000000000000000000e+00 0.000000000000000000e+00
0.000000000000000000e+00 0.000000000000000000e+00
0.000000000000000000e+00 0.000000000000000000e+00
0.000000000000000000e+00 0.000000000000000000e+00
0.000000000000000000e+00 0.000000000000000000e+00
0.000000000000000000e+00 0.000000000000000000e+00
0.000000000000000000e+00 0.000000000000000000e+00
0.000000000000000000e+00 0.000000000000000000e+00
0.000000000000000000e+00 0.000000000000000000e+00
0.000000000000000000e+00 0.000000000000000000e+00
0.000000000000000000e+00 0.000000000000000000e+00
0.000000000000000000e+00 0.000000000000000000e+00
0.000000000000000000e+00 0.000000000000000000e+00
0.000000000000000000e+00 0.000000000000000000e+00
0.000000000000000000e+00 0.000000000000000000e+00
0.000000000000000000e+00 0.000000000000000000e+00
0.000000000000000000e+00 0.000000000000000000e+00
0.000000000000000000e+00 0.000000000000000000e+00
0.000000000000000000e+00 0.000000000000000000e+00
0.000000000000000000e+00 0.000000000000000000e+00
0.000000000000000000e+00 0.000000000000000000e+00
0.000000000000000000e+00 0.000000000000000000e+00
0.000000000000000000e+00 0.000000000000000000e+00
0.000000000000000000e+00 0.000000000000000000e+00
0.000000000000000000e+00 0.000000000000000000e+00
0.000000000000000000e+00 0.000000000000000000e+00
0.000000000000000000e+00 0.000000000000000000e+00
0.000000000000000000e+00 0.000000000000000000e+00
0.000000000000000000e+00 0.000000000000000000e+00
0.000000000000000000e+00 0.000000000000000000e+00
0.000000000000000000e+00 0.000000000000000000e+00
0.000000000000000000e+00 0.000000000000000000e+00
0.000000000000000000e+00 0.000000000000000000e+00
0.000000000000000000e+00 0.000000000000000000e+00
0.000000000000000000e+00 0.000000000000000000e+00
0.000000000000000000e+00 0.000000000000000000e+00
0.000000000000000000e+00 0.000000000000000000e+00
0.000000000000000000e+00 0.000000000000000000e+00
0.000000000000000000e+00 0.000000000000000000e+00
0.000000000000000000e+00 0.000000000000000000e+00
0.000000000000000000e+00 0.000000000000000000e+00
0.000000000000000000e+00 0.000000000000000000e+00
0.000000000000000000e+00 0.000000000000000000e+00
0.000000000000000000e+00 0.000000000000000000e+00
0.000000000000000000e+00 0.000000000000000000e+00
0.000000000000000000e+00 0.000000000000000000e+00
0.000000000000000000e+00 0.000000000000000000e+00
0.000000000000000000e+00 0.000000000000000000e+00
0.000000000000000000e+00 0.000000000000000000e+00
0.000000000000000000e+00 0.000000000000000000e+00
0.000000000000000000e+00 0.000000000000000000e+00
